6
33
44
46
80
90
100
102
130
1322
134
137
157
169
186
194
240
253
282
3155
335
343
348
368
369
372
375
383
392
4124
415
416
424
454
458
476
477
487
511
5155
516
520
527
528
535
539
540
540
578
5835
603
637
641
649
660
670
675
679
685
6916
696
703
709
719
719
719
723
736
748
7507
757
800
801
803
805
815
822
828
862
8658
872
875
893
897
902
907
916
918
943
9609
960
971
1006
1035
1054
1099
1102
1110
1111
111
1159
1174
1182
1188
1204
1206
1210
1219
1222
122
1245
1258
1259
1260
1262
1265
1266
1272
1274
125
1281
1283
1289
1303
1304
1333
1339
1340
1348
135
1351
1356
1376
1378
1386
1391
1396
1400
1407
142
1426
1429
1435
1437
1437
1438
1440
1441
1444
146
1470
1470
1482
1483
1483
1509
1516
1520
1552
157
1573
1577
1585
1596
1613
1624
1641
1653
1663
663
1668
1678
1682
1689
1694
1705
1708
1713
1714
723
1736
1744
1751
1756
1783
1796
1808
1809
1810
184
1818
1821
1837
1846
1849
1854
1855
1858
1861
188
1883
1890
1911
1941
1958
1958
1980
2003
2024
238
2038
2051
2058
2063
2063
2070
2073
2083
2106
107
2110
2117
2133
2146
2154
2161
2183
2184
2185
215
2195
2196
2208
2264
2264
2283
2287
2292
2302
233
2343
2343
2348
2356
2387
2389
2391
2393
2396
201
2409
2411
2426
2427
2439
2444
2447
2451
2460
240
2472
2481
2486
2496
2497
2521
2526
2535
2574
257
2596
2611
2623
2639
2639
2648
2660
2670
2672
279
2685
2702
2707
2714
2716
2723
2726
2728
2747
1
2772
2776
2785
2813
2817
2821
2824
2825
2825
281
2866
2872
2875
2878
2886
2900
2905
2908
2912
916
2936
2942
2947
2969
2970
2972
2983
2983
2992
299
3008
3009
3012
3015
3037
3050
3061
3072
3082
303
3097
3097
3122
3124
3127
3128
3157
3158
3164
316
3217
3224
3241
3247
3255
3256
3259
3262
3266
270
3283
3309
3311
3338
3351
3371
3379
3408
3417
323
3440
3440
3451
3465
3469
3492
3495
3502
3505
350
3510
3516
3524
3524
3527
3532
3535
3564
3566
574
3586
3606
3606
3613
3627
3639
3651
3652
3653
660
3670
3675
3686
3716
3726
3730
3731
3736
3747
787
3796
3799
3822
3822
3852
3859
3859
3864
3869
872
3903
3915
3919
3950
3958
3962
3975
3982
4049
455
4071
4076
4083
4097
4112
4116
4116
4120
4125
412
4134
4159
4164
4169
4177
4177
4198
4204
4209
418
4235
4244
4254
4256
4261
4262
4351
4358
4366
367
4377
4380
4381
4397
4404
4409
4420
4423
4428
440
4502
4517
4533
4542
4551
4552
4553
4557
4581
485
4586
4588
4593
4594
4624
4628
4645
4650
4652
666
4681
4714
4718
4730
4738
4744
4759
4783
4788
792
4792
4794
4795
4819
4819
4823
4826
4841
4841
485
4863
4878
4878
4892
4895
4903
4918
4932
4940
494
4971
4975
5005
5010
5027
5029
5033
5036
5036
038
5041
5058
5059
5061
5086
5093
5152
5158
5168
568
5178
5189
5199
5200
5218
5223
5249
5273
5291
5307
5317
5317
5324
5356
5362
5386
5400
5406
5426
542
5436
5452
5455
5461
5465
5467
5468
5471
5482
488
5520
5533
5547
5549
5551
5563
5567
5569
5573
582
5586
5594
5599
5627
5642
5659
5666
5685
5687
566
5714
5719
5719
5750
5758
5764
5782
5808
5823
583
5854
5862
5863
5872
5874
5899
5945
5987
5995
3
6024
6027
6029
6037
6047
6056
6078
6088
6098
60
6111
6119
6122
6187
6195
6210
6213
6217
6229
63
6260
6274
6292
6311
6318
6322
6342
6344
6352
3
6390
6392
6396
6406
6415
6421
6444
6458
6472
86
6493
6508
6518
6521
6534
6552
6554
6555
6558
58
6558
6571
6588
6631
6631
6644
6672
6674
6679
66
6691
6712
6719
6723
6725
6726
6734
6751
6759
68
6770
6779
6786
6790
6801
6802
6805
6829
6848
52
6871
6875
6880
6884
6884
6885
6886
6894
6903
64
6946
6981
6983
6993
6999
7005
7011
7043
7054
70
7072
7077
7085
7092
7129
7130
7140
7152
7160
71
7166
7171
7180
7185
7206
7211
7215
7217
7222
28
7279
7281
7281
7284
7304
7322
7328
7338
7357
738
7363
7364
7374
7378
7380
7383
7389
7392
7396
99
7400
7415
7426
7426
7433
7438
7440
7443
7452
57
7459
7464
7489
7516
7531
7531
7534
7535
7585
77
7593
7594
7608
7624
7634
7639
7664
7687
7696
98
7706
7713
7740
7745
7754
7758
7775
7779
7783
777
7797
7798
7804
7814
7825
7850
7868
7870
7911
16
7924
7930
7939
7947
7953
7960
7981
7993
7996
98
7999
8028
8034
8051
8080
8110
8115
8128
8134
41
8174
8179
8194
8197
8201
8213
8219
8222
8223
22
8228
8238
8255
8280
8286
8287
8292
8294
8311
321
8322
8345
8350
8389
8389
8397
8401
8404
8407
16
8450
8456
8458
8459
8480
8480
8482
8487
8490
97
8507
8515
8541
8566
8570
8572
8574
8579
8579
9
8653
8658
8660
8664
8672
8690
8709
8721
8748
50
8751
8774
8777
8782
8796
8798
8801
8812
8823
46
8849
8851
8883
8883
8884
8894
8905
8915
8938
40
8959
8971
8975
8993
8993
8999
9014
9023
9023
25
9036
9053
9056
9061
9069
9071
9071
9075
9088
909
9123
9126
9132
9134
9145
9146
9152
9167
9171
172
9186
9192
9200
9206
9215
9216
9225
9231
9239
56
9286
9298
9313
9322
9339
9339
9345
9346
9348
970
9395
9406
9441
9442
9444
9454
9459
9473
9477
99
9481
9505
9531
9542
9547
9569
9579
9583
9610
10
9619
9635
9644
9667
9670
9677
9678
9705
9727
28
9736
9749
9756
9770
9789
9791
9822
9829
9832
34
9853
9863
9876
9878
9884
9890
9893
9896
9896
435
9936
9938
9944
9948
9950
9974
9980
9989
9992
999
6
33
44
46
80
90
100
102
130
1322
134
137
157
169
186
194
240
253
282
3155
335
343
348
368
369
372
375
383
392
4124
415
416
424
454
458
476
477
487
511
5155
516
520
527
528
535
539
540
540
578
5835
603
637
641
649
660
670
675
679
685
6916
696
703
709
719
719
719
723
736
748
7507
757
800
801
803
805
815
822
828
862
8658
872
875
893
897
902
907
916
918
943
9609
960
971
1006
1035
1054
1099
1102
1110
1111
111
1159
1174
1182
1188
1204
1206
1210
1219
1222
122
1245
1258
1259
1260
1262
1265
1266
1272
1274
125
1281
1283
1289
1303
1304
1333
1339
1340
1348
135
1351
1356
1376
1378
1386
1391
1396
1400
1407
142
1426
1429
1435
1437
1437
1438
1440
1441
1444
146
1470
1470
1482
1483
1483
1509
1516
1520
1552
157
1573
1577
1585
1596
1613
1624
1641
1653
1663
663
1668
1678
1682
1689
1694
1705
1708
1713
1714
723
1736
1744
1751
1756
1783
1796
1808
1809
1810
184
1818
1821
1837
1846
1849
1854
1855
1858
1861
188
1883
1890
1911
1941
1958
1958
1980
2003
2024
238
2038
2051
2058
2063
2063
2070
2073
2083
2106
107
2110
2117
2133
2146
2154
2161
2183
2184
2185
215
2195
2196
2208
2264
2264
2283
2287
2292
2302
233
2343
2343
2348
2356
2387
2389
2391
2393
2396
201
2409
2411
2426
2427
2439
2444
2447
2451
2460
240
2472
2481
2486
2496
2497
2521
2526
2535
2574
257
2596
2611
2623
2639
2639
2648
2660
2670
2672
279
2685
2702
2707
2714
2716
2723
2726
2728
2747
1
2772
2776
2785
2813
2817
2821
2824
2825
2825
281
2866
2872
2875
2878
2886
2900
2905
2908
2912
916
2936
2942
2947
2969
2970
2972
2983
2983
2992
299
3008
3009
3012
3015
3037
3050
3061
3072
3082
303
3097
3097
3122
3124
3127
3128
3157
3158
3164
316
3217
3224
3241
3247
3255
3256
3259
3262
3266
270
3283
3309
3311
3338
3351
3371
3379
3408
3417
323
3440
3440
3451
3465
3469
3492
3495
3502
3505
350
3510
3516
3524
3524
3527
3532
3535
3564
3566
574
3586
3606
3606
3613
3627
3639
3651
3652
3653
660
3670
3675
3686
3716
3726
3730
3731
3736
3747
787
3796
3799
3822
3822
3852
3859
3859
3864
3869
872
3903
3915
3919
3950
3958
3962
3975
3982
4049
455
4071
4076
4083
4097
4112
4116
4116
4120
4125
412
4134
4159
4164
4169
4177
4177
4198
4204
4209
418
4235
4244
4254
4256
4261
4262
4351
4358
4366
367
4377
4380
4381
4397
4404
4409
4420
4423
4428
440
4502
4517
4533
4542
4551
4552
4553
4557
4581
485
4586
4588
4593
4594
4624
4628
4645
4650
4652
666
4681
4714
4718
4730
4738
4744
4759
4783
4788
792
4792
4794
4795
4819
4819
4823
4826
4841
4841
485
4863
4878
4878
4892
4895
4903
4918
4932
4940
494
4971
4975
5005
5010
5027
5029
5033
5036
5036
038
5041
5058
5059
5061
5086
5093
5152
5158
5168
568
5178
5189
5199
5200
5218
5223
5249
5273
5291
5307
5317
5317
5324
5356
5362
5386
5400
5406
5426
542
5436
5452
5455
5461
5465
5467
5468
5471
5482
488
5520
5533
5547
5549
5551
5563
5567
5569
5573
582
5586
5594
5599
5627
5642
5659
5666
5685
5687
566
5714
5719
5719
5750
5758
5764
5782
5808
5823
583
5854
5862
5863
5872
5874
5899
5945
5987
5995
3
6024
6027
6029
6037
6047
6056
6078
6088
6098
60
6111
6119
6122
6187
6195
6210
6213
6217
6229
63
6260
6274
6292
6311
6318
6322
6342
6344
6352
3
6390
6392
6396
6406
6415
6421
6444
6458
6472
86
6493
6508
6518
6521
6534
6552
6554
6555
6558
58
6558
6571
6588
6631
6631
6644
6672
6674
6679
66
6691
6712
6719
6723
6725
6726
6734
6751
6759
68
6770
6779
6786
6790
6801
6802
6805
6829
6848
52
6871
6875
6880
6884
6884
6885
6886
6894
6903
64
6946
6981
6983
6993
6999
7005
7011
7043
7054
70
7072
7077
7085
7092
7129
7130
7140
7152
7160
71
7166
7171
7180
7185
7206
7211
7215
7217
7222
28
7279
7281
7281
7284
7304
7322
7328
7338
7357
738
7363
7364
7374
7378
7380
7383
7389
7392
7396
99
7400
7415
7426
7426
7433
7438
7440
7443
7452
57
7459
7464
7489
7516
7531
7531
7534
7535
7585
77
7593
7594
7608
7624
7634
7639
7664
7687
7696
98
7706
7713
7740
7745
7754
7758
7775
7779
7783
777
7797
7798
7804
7814
7825
7850
7868
7870
7911
16
7924
7930
7939
7947
7953
7960
7981
7993
7996
98
7999
8028
8034
8051
8080
8110
8115
8128
8134
41
8174
8179
8194
8197
8201
8213
8219
8222
8223
22
8228
8238
8255
8280
8286
8287
8292
8294
8311
321
8322
8345
8350
8389
8389
8397
8401
8404
8407
16
8450
8456
8458
8459
8480
8480
8482
8487
8490
97
8507
8515
8541
8566
8570
8572
8574
8579
8579
9
8653
8658
8660
8664
8672
8690
8709
8721
8748
50
8751
8774
8777
8782
8796
8798
8801
8812
8823
46
8849
8851
8883
8883
8884
8894
8905
8915
8938
40
8959
8971
8975
8993
8993
8999
9014
9023
9023
25
9036
9053
9056
9061
9069
9071
9071
9075
9088
909
9123
9126
9132
9134
9145
9146
9152
9167
9171
172
9186
9192
9200
9206
9215
9216
9225
9231
9239
56
9286
9298
9313
9322
9339
9339
9345
9346
9348
970
9395
9406
9441
9442
9444
9454
9459
9473
9477
99
9481
9505
9531
9542
9547
9569
9579
9583
9610
10
9619
9635
9644
9667
9670
9677
9678
9705
9727
28
9736
9749
9756
9770
9789
9791
9822
9829
9832
34
9853
9863
9876
9878
9884
9890
9893
9896
9896
435
9936
9938
9944
9948
9950
9974
9980
9989
9992
999
6
33
44
46
80
90
100
102
130
1322
134
137
157
169
186
194
240
253
282
3155
335
343
348
368
369
372
375
383
392
4124
415
416
424
454
458
476
477
487
511
5155
516
520
527
528
535
539
540
540
578
5835
603
637
641
649
660
670
675
679
685
6916
696
703
709
719
719
719
723
736
748
7507
757
800
801
803
805
815
822
828
862
8658
872
875
893
897
902
907
916
918
943
9609
960
971
1006
1035
1054
1099
1102
1110
1111
111
1159
1174
1182
1188
1204
1206
1210
1219
1222
122
1245
1258
1259
1260
1262
1265
1266
1272
1274
125
1281
1283
1289
1303
1304
1333
1339
1340
1348
135
1351
1356
1376
1378
1386
1391
1396
1400
1407
142
1426
1429
1435
1437
1437
1438
1440
1441
1444
146
1470
1470
1482
1483
1483
1509
1516
1520
1552
157
1573
1577
1585
1596
1613
1624
1641
1653
1663
663
1668
1678
1682
1689
1694
1705
1708
1713
1714
723
1736
1744
1751
1756
1783
1796
1808
1809
1810
184
1818
1821
1837
1846
1849
1854
1855
1858
1861
188
1883
1890
1911
1941
1958
1958
1980
2003
2024
238
2038
2051
2058
2063
2063
2070
2073
2083
2106
107
2110
2117
2133
2146
2154
2161
2183
2184
2185
215
2195
2196
2208
2264
2264
2283
2287
2292
2302
233
2343
2343
2348
2356
2387
2389
2391
2393
2396
201
2409
2411
2426
2427
2439
2444
2447
2451
2460
240
2472
2481
2486
2496
2497
2521
2526
2535
2574
257
2596
2611
2623
2639
2639
2648
2660
2670
2672
279
2685
2702
2707
2714
2716
2723
2726
2728
2747
1
2772
2776
2785
2813
2817
2821
2824
2825
2825
281
2866
2872
2875
2878
2886
2900
2905
2908
2912
916
2936
2942
2947
2969
2970
2972
2983
2983
2992
299
3008
3009
3012
3015
3037
3050
3061
3072
3082
303
3097
3097
3122
3124
3127
3128
3157
3158
3164
316
3217
3224
3241
3247
3255
3256
3259
3262
3266
270
3283
3309
3311
3338
3351
3371
3379
3408
3417
323
3440
3440
3451
3465
3469
3492
3495
3502
3505
350
3510
3516
3524
3524
3527
3532
3535
3564
3566
574
3586
3606
3606
3613
3627
3639
3651
3652
3653
660
3670
3675
3686
3716
3726
3730
3731
3736
3747
787
3796
3799
3822
3822
3852
3859
3859
3864
3869
872
3903
3915
3919
3950
3958
3962
3975
3982
4049
455
4071
4076
4083
4097
4112
4116
4116
4120
4125
412
4134
4159
4164
4169
4177
4177
4198
4204
4209
418
4235
4244
4254
4256
4261
4262
4351
4358
4366
367
4377
4380
4381
4397
4404
4409
4420
4423
4428
440
4502
4517
4533
4542
4551
4552
4553
4557
4581
485
4586
4588
4593
4594
4624
4628
4645
4650
4652
666
4681
4714
4718
4730
4738
4744
4759
4783
4788
792
4792
4794
4795
4819
4819
4823
4826
4841
4841
485
4863
4878
4878
4892
4895
4903
4918
4932
4940
494
4971
4975
5005
5010
5027
5029
5033
5036
5036
038
5041
5058
5059
5061
5086
5093
5152
5158
5168
568
5178
5189
5199
5200
5218
5223
5249
5273
5291
5307
5317
5317
5324
5356
5362
5386
5400
5406
5426
542
5436
5452
5455
5461
5465
5467
5468
5471
5482
488
5520
5533
5547
5549
5551
5563
5567
5569
5573
582
5586
5594
5599
5627
5642
5659
5666
5685
5687
566
5714
5719
5719
5750
5758
5764
5782
5808
5823
583
5854
5862
5863
5872
5874
5899
5945
5987
5995
3
6024
6027
6029
6037
6047
6056
6078
6088
6098
60
6111
6119
6122
6187
6195
6210
6213
6217
6229
63
6260
6274
6292
6311
6318
6322
6342
6344
6352
3
6390
6392
6396
6406
6415
6421
6444
6458
6472
86
6493
6508
6518
6521
6534
6552
6554
6555
6558
58
6558
6571
6588
6631
6631
6644
6672
6674
6679
66
6691
6712
6719
6723
6725
6726
6734
6751
6759
68
6770
6779
6786
6790
6801
6802
6805
6829
6848
52
6871
6875
6880
6884
6884
6885
6886
6894
6903
64
6946
6981
6983
6993
6999
7005
7011
7043
7054
70
7072
7077
7085
7092
7129
7130
7140
7152
7160
71
7166
7171
7180
7185
7206
7211
7215
7217
7222
28
7279
7281
7281
7284
7304
7322
7328
7338
7357
738
7363
7364
7374
7378
7380
7383
7389
7392
7396
99
7400
7415
7426
7426
7433
7438
7440
7443
7452
57
7459
7464
7489
7516
7531
7531
7534
7535
7585
77
7593
7594
7608
7624
7634
7639
7664
7687
7696
98
7706
7713
7740
7745
7754
7758
7775
7779
7783
777
7797
7798
7804
7814
7825
7850
7868
7870
7911
16
7924
7930
7939
7947
7953
7960
7981
7993
7996
98
7999
8028
8034
8051
8080
8110
8115
8128
8134
41
8174
8179
8194
8197
8201
8213
8219
8222
8223
22
8228
8238
8255
8280
8286
8287
8292
8294
8311
321
8322
8345
8350
8389
8389
8397
8401
8404
8407
16
8450
8456
8458
8459
8480
8480
8482
8487
8490
97
8507
8515
8541
8566
8570
8572
8574
8579
8579
9
8653
8658
8660
8664
8672
8690
8709
8721
8748
50
8751
8774
8777
8782
8796
8798
8801
8812
8823
46
8849
8851
8883
8883
8884
8894
8905
8915
8938
40
8959
8971
8975
8993
8993
8999
9014
9023
9023
25
9036
9053
9056
9061
9069
9071
9071
9075
9088
909
9123
9126
9132
9134
9145
9146
9152
9167
9171
172
9186
9192
9200
9206
9215
9216
9225
9231
9239
56
9286
9298
9313
9322
9339
9339
9345
9346
9348
970
9395
9406
9441
9442
9444
9454
9459
9473
9477
99
9481
9505
9531
9542
9547
9569
9579
9583
9610
10
9619
9635
9644
9667
9670
9677
9678
9705
9727
28
9736
9749
9756
9770
9789
9791
9822
9829
9832
34
9853
9863
9876
9878
9884
9890
9893
9896
9896
435
9936
9938
9944
9948
9950
9974
9980
9989
9992
999
6
33
44
46
80
90
100
102
130
1322
134
137
157
169
186
194
240
253
282
3155
335
343
348
368
369
372
375
383
392
4124
415
416
424
454
458
476
477
487
511
5155
516
520
527
528
535
539
540
540
578
5835
603
637
641
649
660
670
675
679
685
6916
696
703
709
719
719
719
723
736
748
7507
757
800
801
803
805
815
822
828
862
8658
872
875
893
897
902
907
916
918
943
9609
960
971
1006
1035
1054
1099
1102
1110
1111
111
1159
1174
1182
1188
1204
1206
1210
1219
1222
122
1245
1258
1259
1260
1262
1265
1266
1272
1274
125
1281
1283
1289
1303
1304
1333
1339
1340
1348
135
1351
1356
1376
1378
1386
1391
1396
1400
1407
142
1426
1429
1435
1437
1437
1438
1440
1441
1444
146
1470
1470
1482
1483
1483
1509
1516
1520
1552
157
1573
1577
1585
1596
1613
1624
1641
1653
1663
663
1668
1678
1682
1689
1694
1705
1708
1713
1714
723
1736
1744
1751
1756
1783
1796
1808
1809
1810
184
1818
1821
1837
1846
1849
1854
1855
1858
1861
188
1883
1890
1911
1941
1958
1958
1980
2003
2024
238
2038
2051
2058
2063
2063
2070
2073
2083
2106
107
2110
2117
2133
2146
2154
2161
2183
2184
2185
215
2195
2196
2208
2264
2264
2283
2287
2292
2302
233
2343
2343
2348
2356
2387
2389
2391
2393
2396
201
2409
2411
2426
2427
2439
2444
2447
2451
2460
240
2472
2481
2486
2496
2497
2521
2526
2535
2574
257
2596
2611
2623
2639
2639
2648
2660
2670
2672
279
2685
2702
2707
2714
2716
2723
2726
2728
2747
1
2772
2776
2785
2813
2817
2821
2824
2825
2825
281
2866
2872
2875
2878
2886
2900
2905
2908
2912
916
2936
2942
2947
2969
2970
2972
2983
2983
2992
299
3008
3009
3012
3015
3037
3050
3061
3072
3082
303
3097
3097
3122
3124
3127
3128
3157
3158
3164
316
3217
3224
3241
3247
3255
3256
3259
3262
3266
270
3283
3309
3311
3338
3351
3371
3379
3408
3417
323
3440
3440
3451
3465
3469
3492
3495
3502
3505
350
3510
3516
3524
3524
3527
3532
3535
3564
3566
574
3586
3606
3606
3613
3627
3639
3651
3652
3653
660
3670
3675
3686
3716
3726
3730
3731
3736
3747
787
3796
3799
3822
3822
3852
3859
3859
3864
3869
872
3903
3915
3919
3950
3958
3962
3975
3982
4049
455
4071
4076
4083
4097
4112
4116
4116
4120
4125
412
4134
4159
4164
4169
4177
4177
4198
4204
4209
418
4235
4244
4254
4256
4261
4262
4351
4358
4366
367
4377
4380
4381
4397
4404
4409
4420
4423
4428
440
4502
4517
4533
4542
4551
4552
4553
4557
4581
485
4586
4588
4593
4594
4624
4628
4645
4650
4652
666
4681
4714
4718
4730
4738
4744
4759
4783
4788
792
4792
4794
4795
4819
4819
4823
4826
4841
4841
485
4863
4878
4878
4892
4895
4903
4918
4932
4940
494
4971
4975
5005
5010
5027
5029
5033
5036
5036
038
5041
5058
5059
5061
5086
5093
5152
5158
5168
568
5178
5189
5199
5200
5218
5223
5249
5273
5291
5307
5317
5317
5324
5356
5362
5386
5400
5406
5426
542
5436
5452
5455
5461
5465
5467
5468
5471
5482
488
5520
5533
5547
5549
5551
5563
5567
5569
5573
582
5586
5594
5599
5627
5642
5659
5666
5685
5687
566
5714
5719
5719
5750
5758
5764
5782
5808
5823
583
5854
5862
5863
5872
5874
5899
5945
5987
5995
3
6024
6027
6029
6037
6047
6056
6078
6088
6098
60
6111
6119
6122
6187
6195
6210
6213
6217
6229
63
6260
6274
6292
6311
6318
6322
6342
6344
6352
3
6390
6392
6396
6406
6415
6421
6444
6458
6472
86
6493
6508
6518
6521
6534
6552
6554
6555
6558
58
6558
6571
6588
6631
6631
6644
6672
6674
6679
66
6691
6712
6719
6723
6725
6726
6734
6751
6759
68
6770
6779
6786
6790
6801
6802
6805
6829
6848
52
6871
6875
6880
6884
6884
6885
6886
6894
6903
64
6946
6981
6983
6993
6999
7005
7011
7043
7054
70
7072
7077
7085
7092
7129
7130
7140
7152
7160
71
7166
7171
7180
7185
7206
7211
7215
7217
7222
28
7279
7281
7281
7284
7304
7322
7328
7338
7357
738
7363
7364
7374
7378
7380
7383
7389
7392
7396
99
7400
7415
7426
7426
7433
7438
7440
7443
7452
57
7459
7464
7489
7516
7531
7531
7534
7535
7585
77
7593
7594
7608
7624
7634
7639
7664
7687
7696
98
7706
7713
7740
7745
7754
7758
7775
7779
7783
777
7797
7798
7804
7814
7825
7850
7868
7870
7911
16
7924
7930
7939
7947
7953
7960
7981
7993
7996
98
7999
8028
8034
8051
8080
8110
8115
8128
8134
41
8174
8179
8194
8197
8201
8213
8219
8222
8223
22
8228
8238
8255
8280
8286
8287
8292
8294
8311
321
8322
8345
8350
8389
8389
8397
8401
8404
8407
16
8450
8456
8458
8459
8480
8480
8482
8487
8490
97
8507
8515
8541
8566
8570
8572
8574
8579
8579
9
8653
8658
8660
8664
8672
8690
8709
8721
8748
50
8751
8774
8777
8782
8796
8798
8801
8812
8823
46
8849
8851
8883
8883
8884
8894
8905
8915
8938
40
8959
8971
8975
8993
8993
8999
9014
9023
9023
25
9036
9053
9056
9061
9069
9071
9071
9075
9088
909
9123
9126
9132
9134
9145
9146
9152
9167
9171
172
9186
9192
9200
9206
9215
9216
9225
9231
9239
56
9286
9298
9313
9322
9339
9339
9345
9346
9348
970
9395
9406
9441
9442
9444
9454
9459
9473
9477
99
9481
9505
9531
9542
9547
9569
9579
9583
9610
10
9619
9635
9644
9667
9670
9677
9678
9705
9727
28
9736
9749
9756
9770
9789
9791
9822
9829
9832
34
9853
9863
9876
9878
9884
9890
9893
9896
9896
435
9936
9938
9944
9948
9950
9974
9980
9989
9992
999
6
33
44
46
80
90
100
102
130
1322
134
137
157
169
186
194
240
253
282
3155
335
343
348
368
369
372
375
383
392
4124
415
416
424
454
458
476
477
487
511
5155
516
520
527
528
535
539
540
540
578
5835
603
637
641
649
660
670
675
679
685
6916
696
703
709
719
719
719
723
736
748
7507
757
800
801
803
805
815
822
828
862
8658
872
875
893
897
902
907
916
918
943
9609
960
971
1006
1035
1054
1099
1102
1110
1111
111
1159
1174
1182
1188
1204
1206
1210
1219
1222
122
1245
1258
1259
1260
1262
1265
1266
1272
1274
125
1281
1283
1289
1303
1304
1333
1339
1340
1348
135
1351
1356
1376
1378
1386
1391
1396
1400
1407
142
1426
1429
1435
1437
1437
1438
1440
1441
1444
146
1470
1470
1482
1483
1483
1509
1516
1520
1552
157
1573
1577
1585
1596
1613
1624
1641
1653
1663
663
1668
1678
1682
1689
1694
1705
1708
1713
1714
723
1736
1744
1751
1756
1783
1796
1808
1809
1810
184
1818
1821
1837
1846
1849
1854
1855
1858
1861
188
1883
1890
1911
1941
1958
1958
1980
2003
2024
238
2038
2051
2058
2063
2063
2070
2073
2083
2106
107
2110
2117
2133
2146
2154
2161
2183
2184
2185
215
2195
2196
2208
2264
2264
2283
2287
2292
2302
233
2343
2343
2348
2356
2387
2389
2391
2393
2396
201
2409
2411
2426
2427
2439
2444
2447
2451
2460
240
2472
2481
2486
2496
2497
2521
2526
2535
2574
257
2596
2611
2623
2639
2639
2648
2660
2670
2672
279
2685
2702
2707
2714
2716
2723
2726
2728
2747
1
2772
2776
2785
2813
2817
2821
2824
2825
2825
281
2866
2872
2875
2878
2886
2900
2905
2908
2912
916
2936
2942
2947
2969
2970
2972
2983
2983
2992
299
3008
3009
3012
3015
3037
3050
3061
3072
3082
303
3097
3097
3122
3124
3127
3128
3157
3158
3164
316
3217
3224
3241
3247
3255
3256
3259
3262
3266
270
3283
3309
3311
3338
3351
3371
3379
3408
3417
323
3440
3440
3451
3465
3469
3492
3495
3502
3505
350
3510
3516
3524
3524
3527
3532
3535
3564
3566
574
3586
3606
3606
3613
3627
3639
3651
3652
3653
660
3670
3675
3686
3716
3726
3730
3731
3736
3747
787
3796
3799
3822
3822
3852
3859
3859
3864
3869
872
3903
3915
3919
3950
3958
3962
3975
3982
4049
455
4071
4076
4083
4097
4112
4116
4116
4120
4125
412
4134
4159
4164
4169
4177
4177
4198
4204
4209
418
4235
4244
4254
4256
4261
4262
4351
4358
4366
367
4377
4380
4381
4397
4404
4409
4420
4423
4428
440
4502
4517
4533
4542
4551
4552
4553
4557
4581
485
4586
4588
4593
4594
4624
4628
4645
4650
4652
666
4681
4714
4718
4730
4738
4744
4759
4783
4788
792
4792
4794
4795
4819
4819
4823
4826
4841
4841
485
4863
4878
4878
4892
4895
4903
4918
4932
4940
494
4971
4975
5005
5010
5027
5029
5033
5036
5036
038
5041
5058
5059
5061
5086
5093
5152
5158
5168
568
5178
5189
5199
5200
5218
5223
5249
5273
5291
5307
5317
5317
5324
5356
5362
5386
5400
5406
5426
542
5436
5452
5455
5461
5465
5467
5468
5471
5482
488
5520
5533
5547
5549
5551
5563
5567
5569
5573
582
5586
5594
5599
5627
5642
5659
5666
5685
5687
566
5714
5719
5719
5750
5758
5764
5782
5808
5823
583
5854
5862
5863
5872
5874
5899
5945
5987
5995
3
6024
6027
6029
6037
6047
6056
6078
6088
6098
60
6111
6119
6122
6187
6195
6210
6213
6217
6229
63
6260
6274
6292
6311
6318
6322
6342
6344
6352
3
6390
6392
6396
6406
6415
6421
6444
6458
6472
86
6493
6508
6518
6521
6534
6552
6554
6555
6558
58
6558
6571
6588
6631
6631
6644
6672
6674
6679
66
6691
6712
6719
6723
6725
6726
6734
6751
6759
68
6770
6779
6786
6790
6801
6802
6805
6829
6848
52
6871
6875
6880
6884
6884
6885
6886
6894
6903
64
6946
6981
6983
6993
6999
7005
7011
7043
7054
70
7072
7077
7085
7092
7129
7130
7140
7152
7160
71
7166
7171
7180
7185
7206
7211
7215
7217
7222
28
7279
7281
7281
7284
7304
7322
7328
7338
7357
738
7363
7364
7374
7378
7380
7383
7389
7392
7396
99
7400
7415
7426
7426
7433
7438
7440
7443
7452
57
7459
7464
7489
7516
7531
7531
7534
7535
7585
77
7593
7594
7608
7624
7634
7639
7664
7687
7696
98
7706
7713
7740
7745
7754
7758
7775
7779
7783
777
7797
7798
7804
7814
7825
7850
7868
7870
7911
16
7924
7930
7939
7947
7953
7960
7981
7993
7996
98
7999
8028
8034
8051
8080
8110
8115
8128
8134
41
8174
8179
8194
8197
8201
8213
8219
8222
8223
22
8228
8238
8255
8280
8286
8287
8292
8294
8311
321
8322
8345
8350
8389
8389
8397
8401
8404
8407
16
8450
8456
8458
8459
8480
8480
8482
8487
8490
97
8507
8515
8541
8566
8570
8572
8574
8579
8579
9
8653
8658
8660
8664
8672
8690
8709
8721
8748
50
8751
8774
8777
8782
8796
8798
8801
8812
8823
46
8849
8851
8883
8883
8884
8894
8905
8915
8938
40
8959
8971
8975
8993
8993
8999
9014
9023
9023
25
9036
9053
9056
9061
9069
9071
9071
9075
9088
909
9123
9126
9132
9134
9145
9146
9152
9167
9171
172
9186
9192
9200
9206
9215
9216
9225
9231
9239
56
9286
9298
9313
9322
9339
9339
9345
9346
9348
970
9395
9406
9441
9442
9444
9454
9459
9473
9477
99
9481
9505
9531
9542
9547
9569
9579
9583
9610
10
9619
9635
9644
9667
9670
9677
9678
9705
9727
28
9736
9749
9756
9770
9789
9791
9822
9829
9832
34
9853
9863
9876
9878
9884
9890
9893
9896
9896
435
9936
9938
9944
9948
9950
9974
9980
9989
9992
999
6
33
44
46
80
90
100
102
130
1322
134
137
157
169
186
194
240
253
282
3155
335
343
348
368
369
372
375
383
392
4124
415
416
424
454
458
476
477
487
511
5155
516
520
527
528
535
539
540
540
578
5835
603
637
641
649
660
670
675
679
685
6916
696
703
709
719
719
719
723
736
748
7507
757
800
801
803
805
815
822
828
862
8658
872
875
893
897
902
907
916
918
943
9609
960
971
1006
1035
1054
1099
1102
1110
1111
111
1159
1174
1182
1188
1204
1206
1210
1219
1222
122
1245
1258
1259
1260
1262
1265
1266
1272
1274
125
1281
1283
1289
1303
1304
1333
1339
1340
1348
135
1351
1356
1376
1378
1386
1391
1396
1400
1407
142
1426
1429
1435
1437
1437
1438
1440
1441
1444
146
1470
1470
1482
1483
1483
1509
1516
1520
1552
157
1573
1577
1585
1596
1613
1624
1641
1653
1663
663
1668
1678
1682
1689
1694
1705
1708
1713
1714
723
1736
1744
1751
1756
1783
1796
1808
1809
1810
184
1818
1821
1837
1846
1849
1854
1855
1858
1861
188
1883
1890
1911
1941
1958
1958
1980
2003
2024
238
2038
2051
2058
2063
2063
2070
2073
2083
2106
107
2110
2117
2133
2146
2154
2161
2183
2184
2185
215
2195
2196
2208
2264
2264
2283
2287
2292
2302
233
2343
2343
2348
2356
2387
2389
2391
2393
2396
201
2409
2411
2426
2427
2439
2444
2447
2451
2460
240
2472
2481
2486
2496
2497
2521
2526
2535
2574
257
2596
2611
2623
2639
2639
2648
2660
2670
2672
279
2685
2702
2707
2714
2716
2723
2726
2728
2747
1
2772
2776
2785
2813
2817
2821
2824
2825
2825
281
2866
2872
2875
2878
2886
2900
2905
2908
2912
916
2936
2942
2947
2969
2970
2972
2983
2983
2992
299
3008
3009
3012
3015
3037
3050
3061
3072
3082
303
3097
3097
3122
3124
3127
3128
3157
3158
3164
316
3217
3224
3241
3247
3255
3256
3259
3262
3266
270
3283
3309
3311
3338
3351
3371
3379
3408
3417
323
3440
3440
3451
3465
3469
3492
3495
3502
3505
350
3510
3516
3524
3524
3527
3532
3535
3564
3566
574
3586
3606
3606
3613
3627
3639
3651
3652
3653
660
3670
3675
3686
3716
3726
3730
3731
3736
3747
787
3796
3799
3822
3822
3852
3859
3859
3864
3869
872
3903
3915
3919
3950
3958
3962
3975
3982
4049
455
4071
4076
4083
4097
4112
4116
4116
4120
4125
412
4134
4159
4164
4169
4177
4177
4198
4204
4209
418
4235
4244
4254
4256
4261
4262
4351
4358
4366
367
4377
4380
4381
4397
4404
4409
4420
4423
4428
440
4502
4517
4533
4542
4551
4552
4553
4557
4581
485
4586
4588
4593
4594
4624
4628
4645
4650
4652
666
4681
4714
4718
4730
4738
4744
4759
4783
4788
792
4792
4794
4795
4819
4819
4823
4826
4841
4841
485
4863
4878
4878
4892
4895
4903
4918
4932
4940
494
4971
4975
5005
5010
5027
5029
5033
5036
5036
038
5041
5058
5059
5061
5086
5093
5152
5158
5168
568
5178
5189
5199
5200
5218
5223
5249
5273
5291
5307
5317
5317
5324
5356
5362
5386
5400
5406
5426
542
5436
5452
5455
5461
5465
5467
5468
5471
5482
488
5520
5533
5547
5549
5551
5563
5567
5569
5573
582
5586
5594
5599
5627
5642
5659
5666
5685
5687
566
5714
5719
5719
5750
5758
5764
5782
5808
5823
583
5854
5862
5863
5872
5874
5899
5945
5987
5995
3
6024
6027
6029
6037
6047
6056
6078
6088
6098
60
6111
6119
6122
6187
6195
6210
6213
6217
6229
63
6260
6274
6292
6311
6318
6322
6342
6344
6352
3
6390
6392
6396
6406
6415
6421
6444
6458
6472
86
6493
6508
6518
6521
6534
6552
6554
6555
6558
58
6558
6571
6588
6631
6631
6644
6672
6674
6679
66
6691
6712
6719
6723
6725
6726
6734
6751
6759
68
6770
6779
6786
6790
6801
6802
6805
6829
6848
52
6871
6875
6880
6884
6884
6885
6886
6894
6903
64
6946
6981
6983
6993
6999
7005
7011
7043
7054
70
7072
7077
7085
7092
7129
7130
7140
7152
7160
71
7166
7171
7180
7185
7206
7211
7215
7217
7222
28
7279
7281
7281
7284
7304
7322
7328
7338
7357
738
7363
7364
7374
7378
7380
7383
7389
7392
7396
99
7400
7415
7426
7426
7433
7438
7440
7443
7452
57
7459
7464
7489
7516
7531
7531
7534
7535
7585
77
7593
7594
7608
7624
7634
7639
7664
7687
7696
98
7706
7713
7740
7745
7754
7758
7775
7779
7783
777
7797
7798
7804
7814
7825
7850
7868
7870
7911
16
7924
7930
7939
7947
7953
7960
7981
7993
7996
98
7999
8028
8034
8051
8080
8110
8115
8128
8134
41
8174
8179
8194
8197
8201
8213
8219
8222
8223
22
8228
8238
8255
8280
8286
8287
8292
8294
8311
321
8322
8345
8350
8389
8389
8397
8401
8404
8407
16
8450
8456
8458
8459
8480
8480
8482
8487
8490
97
8507
8515
8541
8566
8570
8572
8574
8579
8579
9
8653
8658
8660
8664
8672
8690
8709
8721
8748
50
8751
8774
8777
8782
8796
8798
8801
8812
8823
46
8849
8851
8883
8883
8884
8894
8905
8915
8938
40
8959
8971
8975
8993
8993
8999
9014
9023
9023
25
9036
9053
9056
9061
9069
9071
9071
9075
9088
909
9123
9126
9132
9134
9145
9146
9152
9167
9171
172
9186
9192
9200
9206
9215
9216
9225
9231
9239
56
9286
9298
9313
9322
9339
9339
9345
9346
9348
970
9395
9406
9441
9442
9444
9454
9459
9473
9477
99
9481
9505
9531
9542
9547
9569
9579
9583
9610
10
9619
9635
9644
9667
9670
9677
9678
9705
9727
28
9736
9749
9756
9770
9789
9791
9822
9829
9832
34
9853
9863
9876
9878
9884
9890
9893
9896
9896
435
9936
9938
9944
9948
9950
9974
9980
9989
9992
999
6
33
44
46
80
90
100
102
130
1322
134
137
157
169
186
194
240
253
282
3155
335
343
348
368
369
372
375
383
392
4124
415
416
424
454
458
476
477
487
511
5155
516
520
527
528
535
539
540
540
578
5835
603
637
641
649
660
670
675
679
685
6916
696
703
709
719
719
719
723
736
748
7507
757
800
801
803
805
815
822
828
862
8658
872
875
893
897
902
907
916
918
943
9609
960
971
1006
1035
1054
1099
1102
1110
1111
111
1159
1174
1182
1188
1204
1206
1210
1219
1222
122
1245
1258
1259
1260
1262
1265
1266
1272
1274
125
1281
1283
1289
1303
1304
1333
1339
1340
1348
135
1351
1356
1376
1378
1386
1391
1396
1400
1407
142
1426
1429
1435
1437
1437
1438
1440
1441
1444
146
1470
1470
1482
1483
1483
1509
1516
1520
1552
157
1573
1577
1585
1596
1613
1624
1641
1653
1663
663
1668
1678
1682
1689
1694
1705
1708
1713
1714
723
1736
1744
1751
1756
1783
1796
1808
1809
1810
184
1818
1821
1837
1846
1849
1854
1855
1858
1861
188
1883
1890
1911
1941
1958
1958
1980
2003
2024
238
2038
2051
2058
2063
2063
2070
2073
2083
2106
107
2110
2117
2133
2146
2154
2161
2183
2184
2185
215
2195
2196
2208
2264
2264
2283
2287
2292
2302
233
2343
2343
2348
2356
2387
2389
2391
2393
2396
201
2409
2411
2426
2427
2439
2444
2447
2451
2460
240
2472
2481
2486
2496
2497
2521
2526
2535
2574
257
2596
2611
2623
2639
2639
2648
2660
2670
2672
279
2685
2702
2707
2714
2716
2723
2726
2728
2747
1
2772
2776
2785
2813
2817
2821
2824
2825
2825
281
2866
2872
2875
2878
2886
2900
2905
2908
2912
916
2936
2942
2947
2969
2970
2972
2983
2983
2992
299
3008
3009
3012
3015
3037
3050
3061
3072
3082
303
3097
3097
3122
3124
3127
3128
3157
3158
3164
316
3217
3224
3241
3247
3255
3256
3259
3262
3266
270
3283
3309
3311
3338
3351
3371
3379
3408
3417
323
3440
3440
3451
3465
3469
3492
3495
3502
3505
350
3510
3516
3524
3524
3527
3532
3535
3564
3566
574
3586
3606
3606
3613
3627
3639
3651
3652
3653
660
3670
3675
3686
3716
3726
3730
3731
3736
3747
787
3796
3799
3822
3822
3852
3859
3859
3864
3869
872
3903
3915
3919
3950
3958
3962
3975
3982
4049
455
4071
4076
4083
4097
4112
4116
4116
4120
4125
412
4134
4159
4164
4169
4177
4177
4198
4204
4209
418
4235
4244
4254
4256
4261
4262
4351
4358
4366
367
4377
4380
4381
4397
4404
4409
4420
4423
4428
440
4502
4517
4533
4542
4551
4552
4553
4557
4581
485
4586
4588
4593
4594
4624
4628
4645
4650
4652
666
4681
4714
4718
4730
4738
4744
4759
4783
4788
792
4792
4794
4795
4819
4819
4823
4826
4841
4841
485
4863
4878
4878
4892
4895
4903
4918
4932
4940
494
4971
4975
5005
5010
5027
5029
5033
5036
5036
038
5041
5058
5059
5061
5086
5093
5152
5158
5168
568
5178
5189
5199
5200
5218
5223
5249
5273
5291
5307
5317
5317
5324
5356
5362
5386
5400
5406
5426
542
5436
5452
5455
5461
5465
5467
5468
5471
5482
488
5520
5533
5547
5549
5551
5563
5567
5569
5573
582
5586
5594
5599
5627
5642
5659
5666
5685
5687
566
5714
5719
5719
5750
5758
5764
5782
5808
5823
583
5854
5862
5863
5872
5874
5899
5945
5987
5995
3
6024
6027
6029
6037
6047
6056
6078
6088
6098
60
6111
6119
6122
6187
6195
6210
6213
6217
6229
63
6260
6274
6292
6311
6318
6322
6342
6344
6352
3
6390
6392
6396
6406
6415
6421
6444
6458
6472
86
6493
6508
6518
6521
6534
6552
6554
6555
6558
58
6558
6571
6588
6631
6631
6644
6672
6674
6679
66
6691
6712
6719
6723
6725
6726
6734
6751
6759
68
6770
6779
6786
6790
6801
6802
6805
6829
6848
52
6871
6875
6880
6884
6884
6885
6886
6894
6903
64
6946
6981
6983
6993
6999
7005
7011
7043
7054
70
7072
7077
7085
7092
7129
7130
7140
7152
7160
71
7166
7171
7180
7185
7206
7211
7215
7217
7222
28
7279
7281
7281
7284
7304
7322
7328
7338
7357
738
7363
7364
7374
7378
7380
7383
7389
7392
7396
99
7400
7415
7426
7426
7433
7438
7440
7443
7452
57
7459
7464
7489
7516
7531
7531
7534
7535
7585
77
7593
7594
7608
7624
7634
7639
7664
7687
7696
98
7706
7713
7740
7745
7754
7758
7775
7779
7783
777
7797
7798
7804
7814
7825
7850
7868
7870
7911
16
7924
7930
7939
7947
7953
7960
7981
7993
7996
98
7999
8028
8034
8051
8080
8110
8115
8128
8134
41
8174
8179
8194
8197
8201
8213
8219
8222
8223
22
8228
8238
8255
8280
8286
8287
8292
8294
8311
321
8322
8345
8350
8389
8389
8397
8401
8404
8407
16
8450
8456
8458
8459
8480
8480
8482
8487
8490
97
8507
8515
8541
8566
8570
8572
8574
8579
8579
9
8653
8658
8660
8664
8672
8690
8709
8721
8748
50
8751
8774
8777
8782
8796
8798
8801
8812
8823
46
8849
8851
8883
8883
8884
8894
8905
8915
8938
40
8959
8971
8975
8993
8993
8999
9014
9023
9023
25
9036
9053
9056
9061
9069
9071
9071
9075
9088
909
9123
9126
9132
9134
9145
9146
9152
9167
9171
172
9186
9192
9200
9206
9215
9216
9225
9231
9239
56
9286
9298
9313
9322
9339
9339
9345
9346
9348
970
9395
9406
9441
9442
9444
9454
9459
9473
9477
99
9481
9505
9531
9542
9547
9569
9579
9583
9610
10
9619
9635
9644
9667
9670
9677
9678
9705
9727
28
9736
9749
9756
9770
9789
9791
9822
9829
9832
34
9853
9863
9876
9878
9884
9890
9893
9896
9896
435
9936
9938
9944
9948
9950
9974
9980
9989
9992
999
6
33
44
46
80
90
100
102
130
1322
134
137
157
169
186
194
240
253
282
3155
335
343
348
368
369
372
375
383
392
4124
415
416
424
454
458
476
477
487
511
5155
516
520
527
528
535
539
540
540
578
5835
603
637
641
649
660
670
675
679
685
6916
696
703
709
719
719
719
723
736
748
7507
757
800
801
803
805
815
822
828
862
8658
872
875
893
897
902
907
916
918
943
9609
960
971
1006
1035
1054
1099
1102
1110
1111
111
1159
1174
1182
1188
1204
1206
1210
1219
1222
122
1245
1258
1259
1260
1262
1265
1266
1272
1274
125
1281
1283
1289
1303
1304
1333
1339
1340
1348
135
1351
1356
1376
1378
1386
1391
1396
1400
1407
142
1426
1429
1435
1437
1437
1438
1440
1441
1444
146
1470
1470
1482
1483
1483
1509
1516
1520
1552
157
1573
1577
1585
1596
1613
1624
1641
1653
1663
663
1668
1678
1682
1689
1694
1705
1708
1713
1714
723
1736
1744
1751
1756
1783
1796
1808
1809
1810
184
1818
1821
1837
1846
1849
1854
1855
1858
1861
188
1883
1890
1911
1941
1958
1958
1980
2003
2024
238
2038
2051
2058
2063
2063
2070
2073
2083
2106
107
2110
2117
2133
2146
2154
2161
2183
2184
2185
215
2195
2196
2208
2264
2264
2283
2287
2292
2302
233
2343
2343
2348
2356
2387
2389
2391
2393
2396
201
2409
2411
2426
2427
2439
2444
2447
2451
2460
240
2472
2481
2486
2496
2497
2521
2526
2535
2574
257
2596
2611
2623
2639
2639
2648
2660
2670
2672
279
2685
2702
2707
2714
2716
2723
2726
2728
2747
1
2772
2776
2785
2813
2817
2821
2824
2825
2825
281
2866
2872
2875
2878
2886
2900
2905
2908
2912
916
2936
2942
2947
2969
2970
2972
2983
2983
2992
299
3008
3009
3012
3015
3037
3050
3061
3072
3082
303
3097
3097
3122
3124
3127
3128
3157
3158
3164
316
3217
3224
3241
3247
3255
3256
3259
3262
3266
270
3283
3309
3311
3338
3351
3371
3379
3408
3417
323
3440
3440
3451
3465
3469
3492
3495
3502
3505
350
3510
3516
3524
3524
3527
3532
3535
3564
3566
574
3586
3606
3606
3613
3627
3639
3651
3652
3653
660
3670
3675
3686
3716
3726
3730
3731
3736
3747
787
3796
3799
3822
3822
3852
3859
3859
3864
3869
872
3903
3915
3919
3950
3958
3962
3975
3982
4049
455
4071
4076
4083
4097
4112
4116
4116
4120
4125
412
4134
4159
4164
4169
4177
4177
4198
4204
4209
418
4235
4244
4254
4256
4261
4262
4351
4358
4366
367
4377
4380
4381
4397
4404
4409
4420
4423
4428
440
4502
4517
4533
4542
4551
4552
4553
4557
4581
485
4586
4588
4593
4594
4624
4628
4645
4650
4652
666
4681
4714
4718
4730
4738
4744
4759
4783
4788
792
4792
4794
4795
4819
4819
4823
4826
4841
4841
485
4863
4878
4878
4892
4895
4903
4918
4932
4940
494
4971
4975
5005
5010
5027
5029
5033
5036
5036
038
5041
5058
5059
5061
5086
5093
5152
5158
5168
568
5178
5189
5199
5200
5218
5223
5249
5273
5291
5307
5317
5317
5324
5356
5362
5386
5400
5406
5426
542
5436
5452
5455
5461
5465
5467
5468
5471
5482
488
5520
5533
5547
5549
5551
5563
5567
5569
5573
582
5586
5594
5599
5627
5642
5659
5666
5685
5687
566
5714
5719
5719
5750
5758
5764
5782
5808
5823
583
5854
5862
5863
5872
5874
5899
5945
5987
5995
3
6024
6027
6029
6037
6047
6056
6078
6088
6098
60
6111
6119
6122
6187
6195
6210
6213
6217
6229
63
6260
6274
6292
6311
6318
6322
6342
6344
6352
3
6390
6392
6396
6406
6415
6421
6444
6458
6472
86
6493
6508
6518
6521
6534
6552
6554
6555
6558
58
6558
6571
6588
6631
6631
6644
6672
6674
6679
66
6691
6712
6719
6723
6725
6726
6734
6751
6759
68
6770
6779
6786
6790
6801
6802
6805
6829
6848
52
6871
6875
6880
6884
6884
6885
6886
6894
6903
64
6946
6981
6983
6993
6999
7005
7011
7043
7054
70
7072
7077
7085
7092
7129
7130
7140
7152
7160
71
7166
7171
7180
7185
7206
7211
7215
7217
7222
28
7279
7281
7281
7284
7304
7322
7328
7338
7357
738
7363
7364
7374
7378
7380
7383
7389
7392
7396
99
7400
7415
7426
7426
7433
7438
7440
7443
7452
57
7459
7464
7489
7516
7531
7531
7534
7535
7585
77
7593
7594
7608
7624
7634
7639
7664
7687
7696
98
7706
7713
7740
7745
7754
7758
7775
7779
7783
777
7797
7798
7804
7814
7825
7850
7868
7870
7911
16
7924
7930
7939
7947
7953
7960
7981
7993
7996
98
7999
8028
8034
8051
8080
8110
8115
8128
8134
41
8174
8179
8194
8197
8201
8213
8219
8222
8223
22
8228
8238
8255
8280
8286
8287
8292
8294
8311
321
8322
8345
8350
8389
8389
8397
8401
8404
8407
16
8450
8456
8458
8459
8480
8480
8482
8487
8490
97
8507
8515
8541
8566
8570
8572
8574
8579
8579
9
8653
8658
8660
8664
8672
8690
8709
8721
8748
50
8751
8774
8777
8782
8796
8798
8801
8812
8823
46
8849
8851
8883
8883
8884
8894
8905
8915
8938
40
8959
8971
8975
8993
8993
8999
9014
9023
9023
25
9036
9053
9056
9061
9069
9071
9071
9075
9088
909
9123
9126
9132
9134
9145
9146
9152
9167
9171
172
9186
9192
9200
9206
9215
9216
9225
9231
9239
56
9286
9298
9313
9322
9339
9339
9345
9346
9348
970
9395
9406
9441
9442
9444
9454
9459
9473
9477
99
9481
9505
9531
9542
9547
9569
9579
9583
9610
10
9619
9635
9644
9667
9670
9677
9678
9705
9727
28
9736
9749
9756
9770
9789
9791
9822
9829
9832
34
9853
9863
9876
9878
9884
9890
9893
9896
9896
435
9936
9938
9944
9948
9950
9974
9980
9989
9992
999
6
33
44
46
80
90
100
102
130
1322
134
137
157
169
186
194
240
253
282
3155
335
343
348
368
369
372
375
383
392
4124
415
416
424
454
458
476
477
487
511
5155
516
520
527
528
535
539
540
540
578
5835
603
637
641
649
660
670
675
679
685
6916
696
703
709
719
719
719
723
736
748
7507
757
800
801
803
805
815
822
828
862
8658
872
875
893
897
902
907
916
918
943
9609
960
971
1006
1035
1054
1099
1102
1110
1111
111
1159
1174
1182
1188
1204
1206
1210
1219
1222
122
1245
1258
1259
1260
1262
1265
1266
1272
1274
125
1281
1283
1289
1303
1304
1333
1339
1340
1348
135
1351
1356
1376
1378
1386
1391
1396
1400
1407
142
1426
1429
1435
1437
1437
1438
1440
1441
1444
146
1470
1470
1482
1483
1483
1509
1516
1520
1552
157
1573
1577
1585
1596
1613
1624
1641
1653
1663
663
1668
1678
1682
1689
1694
1705
1708
1713
1714
723
1736
1744
1751
1756
1783
1796
1808
1809
1810
184
1818
1821
1837
1846
1849
1854
1855
1858
1861
188
1883
1890
1911
1941
1958
1958
1980
2003
2024
238
2038
2051
2058
2063
2063
2070
2073
2083
2106
107
2110
2117
2133
2146
2154
2161
2183
2184
2185
215
2195
2196
2208
2264
2264
2283
2287
2292
2302
233
2343
2343
2348
2356
2387
2389
2391
2393
2396
201
2409
2411
2426
2427
2439
2444
2447
2451
2460
240
2472
2481
2486
2496
2497
2521
2526
2535
2574
257
2596
2611
2623
2639
2639
2648
2660
2670
2672
279
2685
2702
2707
2714
2716
2723
2726
2728
2747
1
2772
2776
2785
2813
2817
2821
2824
2825
2825
281
2866
2872
2875
2878
2886
2900
2905
2908
2912
916
2936
2942
2947
2969
2970
2972
2983
2983
2992
299
3008
3009
3012
3015
3037
3050
3061
3072
3082
303
3097
3097
3122
3124
3127
3128
3157
3158
3164
316
3217
3224
3241
3247
3255
3256
3259
3262
3266
270
3283
3309
3311
3338
3351
3371
3379
3408
3417
323
3440
3440
3451
3465
3469
3492
3495
3502
3505
350
3510
3516
3524
3524
3527
3532
3535
3564
3566
574
3586
3606
3606
3613
3627
3639
3651
3652
3653
660
3670
3675
3686
3716
3726
3730
3731
3736
3747
787
3796
3799
3822
3822
3852
3859
3859
3864
3869
872
3903
3915
3919
3950
3958
3962
3975
3982
4049
455
4071
4076
4083
4097
4112
4116
4116
4120
4125
412
4134
4159
4164
4169
4177
4177
4198
4204
4209
418
4235
4244
4254
4256
4261
4262
4351
4358
4366
367
4377
4380
4381
4397
4404
4409
4420
4423
4428
440
4502
4517
4533
4542
4551
4552
4553
4557
4581
485
4586
4588
4593
4594
4624
4628
4645
4650
4652
666
4681
4714
4718
4730
4738
4744
4759
4783
4788
792
4792
4794
4795
4819
4819
4823
4826
4841
4841
485
4863
4878
4878
4892
4895
4903
4918
4932
4940
494
4971
4975
5005
5010
5027
5029
5033
5036
5036
038
5041
5058
5059
5061
5086
5093
5152
5158
5168
568
5178
5189
5199
5200
5218
5223
5249
5273
5291
5307
5317
5317
5324
5356
5362
5386
5400
5406
5426
542
5436
5452
5455
5461
5465
5467
5468
5471
5482
488
5520
5533
5547
5549
5551
5563
5567
5569
5573
582
5586
5594
5599
5627
5642
5659
5666
5685
5687
566
5714
5719
5719
5750
5758
5764
5782
5808
5823
583
5854
5862
5863
5872
5874
5899
5945
5987
5995
3
6024
6027
6029
6037
6047
6056
6078
6088
6098
60
6111
6119
6122
6187
6195
6210
6213
6217
6229
63
6260
6274
6292
6311
6318
6322
6342
6344
6352
3
6390
6392
6396
6406
6415
6421
6444
6458
6472
86
6493
6508
6518
6521
6534
6552
6554
6555
6558
58
6558
6571
6588
6631
6631
6644
6672
6674
6679
66
6691
6712
6719
6723
6725
6726
6734
6751
6759
68
6770
6779
6786
6790
6801
6802
6805
6829
6848
52
6871
6875
6880
6884
6884
6885
6886
6894
6903
64
6946
6981
6983
6993
6999
7005
7011
7043
7054
70
7072
7077
7085
7092
7129
7130
7140
7152
7160
71
7166
7171
7180
7185
7206
7211
7215
7217
7222
28
7279
7281
7281
7284
7304
7322
7328
7338
7357
738
7363
7364
7374
7378
7380
7383
7389
7392
7396
99
7400
7415
7426
7426
7433
7438
7440
7443
7452
57
7459
7464
7489
7516
7531
7531
7534
7535
7585
77
7593
7594
7608
7624
7634
7639
7664
7687
7696
98
7706
7713
7740
7745
7754
7758
7775
7779
7783
777
7797
7798
7804
7814
7825
7850
7868
7870
7911
16
7924
7930
7939
7947
7953
7960
7981
7993
7996
98
7999
8028
8034
8051
8080
8110
8115
8128
8134
41
8174
8179
8194
8197
8201
8213
8219
8222
8223
22
8228
8238
8255
8280
8286
8287
8292
8294
8311
321
8322
8345
8350
8389
8389
8397
8401
8404
8407
16
8450
8456
8458
8459
8480
8480
8482
8487
8490
97
8507
8515
8541
8566
8570
8572
8574
8579
8579
9
8653
8658
8660
8664
8672
8690
8709
8721
8748
50
8751
8774
8777
8782
8796
8798
8801
8812
8823
46
8849
8851
8883
8883
8884
8894
8905
8915
8938
40
8959
8971
8975
8993
8993
8999
9014
9023
9023
25
9036
9053
9056
9061
9069
9071
9071
9075
9088
909
9123
9126
9132
9134
9145
9146
9152
9167
9171
172
9186
9192
9200
9206
9215
9216
9225
9231
9239
56
9286
9298
9313
9322
9339
9339
9345
9346
9348
970
9395
9406
9441
9442
9444
9454
9459
9473
9477
99
9481
9505
9531
9542
9547
9569
9579
9583
9610
10
9619
9635
9644
9667
9670
9677
9678
9705
9727
28
9736
9749
9756
9770
9789
9791
9822
9829
9832
34
9853
9863
9876
9878
9884
9890
9893
9896
9896
435
9936
9938
9944
9948
9950
9974
9980
9989
9992
999
6
33
44
46
80
90
100
102
130
1322
134
137
157
169
186
194
240
253
282
3155
335
343
348
368
369
372
375
383
392
4124
415
416
424
454
458
476
477
487
511
5155
516
520
527
528
535
539
540
540
578
5835
603
637
641
649
660
670
675
679
685
6916
696
703
709
719
719
719
723
736
748
7507
757
800
801
803
805
815
822
828
862
8658
872
875
893
897
902
907
916
918
943
9609
960
971
1006
1035
1054
1099
1102
1110
1111
111
1159
1174
1182
1188
1204
1206
1210
1219
1222
122
1245
1258
1259
1260
1262
1265
1266
1272
1274
125
1281
1283
1289
1303
1304
1333
1339
1340
1348
135
1351
1356
1376
1378
1386
1391
1396
1400
1407
142
1426
1429
1435
1437
1437
1438
1440
1441
1444
146
1470
1470
1482
1483
1483
1509
1516
1520
1552
157
1573
1577
1585
1596
1613
1624
1641
1653
1663
663
1668
1678
1682
1689
1694
1705
1708
1713
1714
723
1736
1744
1751
1756
1783
1796
1808
1809
1810
184
1818
1821
1837
1846
1849
1854
1855
1858
1861
188
1883
1890
1911
1941
1958
1958
1980
2003
2024
238
2038
2051
2058
2063
2063
2070
2073
2083
2106
107
2110
2117
2133
2146
2154
2161
2183
2184
2185
215
2195
2196
2208
2264
2264
2283
2287
2292
2302
233
2343
2343
2348
2356
2387
2389
2391
2393
2396
201
2409
2411
2426
2427
2439
2444
2447
2451
2460
240
2472
2481
2486
2496
2497
2521
2526
2535
2574
257
2596
2611
2623
2639
2639
2648
2660
2670
2672
279
2685
2702
2707
2714
2716
2723
2726
2728
2747
1
2772
2776
2785
2813
2817
2821
2824
2825
2825
281
2866
2872
2875
2878
2886
2900
2905
2908
2912
916
2936
2942
2947
2969
2970
2972
2983
2983
2992
299
3008
3009
3012
3015
3037
3050
3061
3072
3082
303
3097
3097
3122
3124
3127
3128
3157
3158
3164
316
3217
3224
3241
3247
3255
3256
3259
3262
3266
270
3283
3309
3311
3338
3351
3371
3379
3408
3417
323
3440
3440
3451
3465
3469
3492
3495
3502
3505
350
3510
3516
3524
3524
3527
3532
3535
3564
3566
574
3586
3606
3606
3613
3627
3639
3651
3652
3653
660
3670
3675
3686
3716
3726
3730
3731
3736
3747
787
3796
3799
3822
3822
3852
3859
3859
3864
3869
872
3903
3915
3919
3950
3958
3962
3975
3982
4049
455
4071
4076
4083
4097
4112
4116
4116
4120
4125
412
4134
4159
4164
4169
4177
4177
4198
4204
4209
418
4235
4244
4254
4256
4261
4262
4351
4358
4366
367
4377
4380
4381
4397
4404
4409
4420
4423
4428
440
4502
4517
4533
4542
4551
4552
4553
4557
4581
485
4586
4588
4593
4594
4624
4628
4645
4650
4652
666
4681
4714
4718
4730
4738
4744
4759
4783
4788
792
4792
4794
4795
4819
4819
4823
4826
4841
4841
485
4863
4878
4878
4892
4895
4903
4918
4932
4940
494
4971
4975
5005
5010
5027
5029
5033
5036
5036
038
5041
5058
5059
5061
5086
5093
5152
5158
5168
568
5178
5189
5199
5200
5218
5223
5249
5273
5291
5307
5317
5317
5324
5356
5362
5386
5400
5406
5426
542
5436
5452
5455
5461
5465
5467
5468
5471
5482
488
5520
5533
5547
5549
5551
5563
5567
5569
5573
582
5586
5594
5599
5627
5642
5659
5666
5685
5687
566
5714
5719
5719
5750
5758
5764
5782
5808
5823
583
5854
5862
5863
5872
5874
5899
5945
5987
5995
3
6024
6027
6029
6037
6047
6056
6078
6088
6098
60
6111
6119
6122
6187
6195
6210
6213
6217
6229
63
6260
6274
6292
6311
6318
6322
6342
6344
6352
3
6390
6392
6396
6406
6415
6421
6444
6458
6472
86
6493
6508
6518
6521
6534
6552
6554
6555
6558
58
6558
6571
6588
6631
6631
6644
6672
6674
6679
66
6691
6712
6719
6723
6725
6726
6734
6751
6759
68
6770
6779
6786
6790
6801
6802
6805
6829
6848
52
6871
6875
6880
6884
6884
6885
6886
6894
6903
64
6946
6981
6983
6993
6999
7005
7011
7043
7054
70
7072
7077
7085
7092
7129
7130
7140
7152
7160
71
7166
7171
7180
7185
7206
7211
7215
7217
7222
28
7279
7281
7281
7284
7304
7322
7328
7338
7357
738
7363
7364
7374
7378
7380
7383
7389
7392
7396
99
7400
7415
7426
7426
7433
7438
7440
7443
7452
57
7459
7464
7489
7516
7531
7531
7534
7535
7585
77
7593
7594
7608
7624
7634
7639
7664
7687
7696
98
7706
7713
7740
7745
7754
7758
7775
7779
7783
777
7797
7798
7804
7814
7825
7850
7868
7870
7911
16
7924
7930
7939
7947
7953
7960
7981
7993
7996
98
7999
8028
8034
8051
8080
8110
8115
8128
8134
41
8174
8179
8194
8197
8201
8213
8219
8222
8223
22
8228
8238
8255
8280
8286
8287
8292
8294
8311
321
8322
8345
8350
8389
8389
8397
8401
8404
8407
16
8450
8456
8458
8459
8480
8480
8482
8487
8490
97
8507
8515
8541
8566
8570
8572
8574
8579
8579
9
8653
8658
8660
8664
8672
8690
8709
8721
8748
50
8751
8774
8777
8782
8796
8798
8801
8812
8823
46
8849
8851
8883
8883
8884
8894
8905
8915
8938
40
8959
8971
8975
8993
8993
8999
9014
9023
9023
25
9036
9053
9056
9061
9069
9071
9071
9075
9088
909
9123
9126
9132
9134
9145
9146
9152
9167
9171
172
9186
9192
9200
9206
9215
9216
9225
9231
9239
56
9286
9298
9313
9322
9339
9339
9345
9346
9348
970
9395
9406
9441
9442
9444
9454
9459
9473
9477
99
9481
9505
9531
9542
9547
9569
9579
9583
9610
10
9619
9635
9644
9667
9670
9677
9678
9705
9727
28
9736
9749
9756
9770
9789
9791
9822
9829
9832
34
9853
9863
9876
9878
9884
9890
9893
9896
9896
435
9936
9938
9944
9948
9950
9974
9980
9989
9992
999
