9120
4091
6543
6385
8438
3318
3027
573
1200
8796
1567
9912
1672
4796
6040
4881
5899
7036
2987
2845
4869
5186
4698
7058
6670
8505
5199
7461
1546
5211
8768
2045
7490
9178
7384
3807
8626
59
5236
7050
5931
4879
9521
4736
9386
4363
1562
5809
6353
9277
5620
2295
6413
4460
467
1040
4198
7890
6305
9756
6008
4211
2897
8201
3454
2653
3897
8530
9780
7981
3290
7993
2893
4025
8807
1186
5809
6131
1887
9123
5697
192
9362
9990
4137
8903
7246
8785
7676
4849
7620
1696
2859
5249
2953
1362
1685
9618
6171
8216
8391
4476
4412
8194
4220
10000
1519
8085
8177
5875
1538
7008
5174
5132
8685
1585
75
7835
869
7186
8631
6555
1123
7933
6064
4946
4546
9089
5435
8303
7758
4847
8917
6833
7171
3533
1711
8629
3467
4210
1275
3402
6130
1006
5020
7110
2497
3832
8395
6030
2252
8669
7907
1983
3718
165
4576
4515
8163
7062
9995
8626
8139
2125
8563
7981
9482
9551
4823
7378
193
2959
5072
4106
3596
2736
6057
2703
7529
8272
7842
4862
8717
4693
968
2489
182
8909
7322
7574
9626
2822
7734
4640
465
7160
2280
4808
7070
5084
7382
6659
2152
8593
8002
5099
693
612
7298
7228
7806
5704
1096
3102
8676
9667
6326
855
9239
5017
1235
266
8511
7458
8898
6493
2433
8866
1962
45
7776
4709
6174
6997
8781
273
2001
6399
4671
505
9017
1770
9238
9697
6130
3901
7681
4343
5925
6018
117
9339
598
5794
4819
9340
6425
8939
1251
7477
9553
1637
7025
5704
118
8959
9479
718
8805
8912
407
2821
6857
7162
1731
5398
1216
2327
4528
2106
5306
6197
1722
5003
7786
8477
7181
9448
1163
8947
9395
3976
4741
2144
5655
1465
1581
8952
3525
2591
3614
8579
2928
6199
5608
9762
6246
9567
6692
9517
278
1928
972
4964
4989
3811
9518
5224
3495
314
6376
5722
5431
3599
8731
1253
664
634
8063
7602
5451
8952
3789
8905
614
9732
9539
1704
862
5355
2712
1537
952
932
9029
2893
9350
6480
4940
7924
1124
6993
6932
9992
3718
4600
6167
10000
8356
1859
8899
6179
1751
3561
611
409
1025
8394
9437
7847
1213
3857
8007
3832
8927
5099
8119
8721
448
4311
6124
6887
5264
9089
1293
5701
6829
2727
4011
4898
4854
4158
9297
5650
1372
4464
1116
6041
8895
6334
9234
8495
6505
9834
4198
4953
227
5222
2255
2235
2031
861
2869
7361
8343
9240
746
1871
3060
5947
3141
8960
6487
8877
7278
1412
8287
6867
323
1355
5093
8973
4695
4915
7552
9391
9871
4634
9896
6852
181
4998
2692
8718
480
4948
65
7437
4457
1155
3834
2048
8154
916
3782
1610
3187
4264
7917
713
5008
7216
9485
123
1208
961
546
5597
2683
8005
3631
9938
5449
3239
3622
6829
172
3230
263
3418
8596
9082
2453
9713
4966
7360
2709
3761
7948
6352
6719
4996
8937
3303
3179
7465
527
9603
8617
4291
7025
2023
7144
2234
6296
9602
12
5021
5818
3405
8208
5181
5642
8916
2038
6706
389
2620
6144
5513
7912
3344
420
6559
8179
6014
96
6247
2271
8838
4908
2
7344
6563
576
1084
7135
3877
2924
5317
5814
2584
2060
957
5807
8938
1588
4913
9937
8678
9415
2171
9116
4297
2808
170
5506
546
2731
2681
4705
8779
5681
2314
9878
9225
261
7251
7337
4128
3207
6382
5299
9200
5917
2745
3894
4228
3095
4830
806
5481
5009
443
8664
1737
1315
6869
5628
6987
9352
9686
250
3767
4952
6114
6267
2329
7086
8640
461
2961
9863
8744
1226
6494
9222
9935
4213
5890
4366
2472
9228
6962
1845
9436
3243
9548
4043
4134
4178
1463
7917
1246
411
6661
8379
2583
2285
9407
7078
3263
4135
2670
4565
3040
1488
8910
974
5437
1293
3499
2901
1251
1125
330
9451
6302
1164
5158
1307
2136
1758
3197
4044
8714
501
2018
7254
9647
6246
6304
1323
1500
8429
7006
3893
6404
7983
7463
8233
2511
3470
1196
1171
5865
2603
6718
9025
735
1456
5852
7607
8033
6684
1347
2808
7471
7728
553
4330
8041
183
3715
6663
8211
6897
9377
1512
9754
6403
3436
8259
1452
7550
1402
4785
545
4394
8593
7810
2061
7381
9
7118
5595
8217
7618
5285
1981
2774
870
1258
5241
3982
5660
656
916
3502
4611
9446
3534
3161
6218
373
9474
7982
2171
2890
6566
1721
5230
1477
6700
4047
3103
4440
1047
2983
9850
8010
1381
5376
1546
9849
3902
6165
1149
6690
9210
1657
1467
9084
7104
7410
7476
9716
5630
5540
8909
6912
797
439
512
6003
8785
665
1166
9903
4122
2740
3492
4222
6027
5940
8951
9651
8654
5750
9472
9830
8698
1250
4702
5350
4980
1723
3808
145
5861
3428
7661
9305
2595
4270
2789
1653
450
9547
2173
7012
9499
8278
6237
1767
1862
6936
4448
5404
5244
5708
1195
6962
5940
3199
2980
3503
4766
621
2949
9888
17
2474
1629
5184
3424
1950
5451
7821
5066
3993
6637
4620
8210
270
9517
6384
3417
1261
7386
428
5430
986
1799
7352
7618
1263
4619
8081
7468
4679
8734
205
2629
6935
5231
6038
4109
4789
2858
228
1672
868
171
4907
9864
1783
101
9028
1111
9483
7533
6621
7805
5823
5398
7928
1829
9009
1300
8633
9478
7048
1447
9804
6658
2507
1525
5929
8771
9849
1872
5819
8934
2111
2888
599
9116
6078
9868
7765
9903
3114
6291
7309
3448
7037
8273
3755
214
2444
8102
6761
8303
7633
7897
9519
216
2451
1888
6219
4541
1997
710
2267
6178
8384
2281
4942
273
6744
4138
1461
5971
1225
4534
1685
6043
8363
4656
1281
1215
2218
9377
6055
5788
9933
7335
8882
5791
9551
9152
1329
1742
6634
2376
8917
8614
2547
2027
9936
8272
8064
7619
656
9899
3065
2849
7484
3160
616
4382
3640
4507
2815
741
9942
155
531
3117
1080
4999
5433
3366
3299
4759
8980
8491
8613
676
9656
2655
6414
5900
248
2527
7250
4792
6537
7360
2171
4719
9923
1819
6421
3052
5682
2987
6225
9111
4000
8615
3702
927
6223
5625
9491
186
9495
7742
1995
9779
1598
4127
9198
6265
6998
6900
7839
3825
696
5632
1207
3738
2212
3010
211
1820
7213
412
8844
8556
9854
4142
1340
2692
1847
6645
6977
4390
838
6239
194
9168
5300
8262
8006
5384
3471
3433
8348
3178
9939
3868
2958
7212
9969
8024
7753
7712
5074
7698
2090
6390
9232
7006
9981
9871
9936
9677
1262
6133
3682
1166
9941
36
9195
1218
370
6928
7152
3535
1066
7511
374
8893
2241
4649
7718
6216
1603
3197
275
1491
5991
121
4994
1206
6669
3191
5640
2107
7398
8468
5116
5126
8522
7721
5909
4064
9800
5479
5623
1030
725
2088
7612
1218
8338
260
9345
6422
9002
1772
6743
8393
6841
6898
7321
6138
3720
998
1845
5283
7683
1284
1612
3372
9019
679
6523
8590
5781
2613
161
5366
8143
6889
4660
9869
1233
2345
114
4267
6133
7201
3963
5870
2546
1454
5943
4733
7698
6496
4839
7911
7784
3732
8750
2565
6033
2453
3250
4469
2960
4828
7531
1881
5848
6005
7887
228
9985
1983
533
8273
8749
4318
4363
57
4241
3082
5203
7431
7135
2135
7554
6849
4711
1982
2066
5189
4722
7767
7712
8193
1954
1915
6970
4517
9549
686
7069
5431
1781
9537
8626
6138
316
6367
198
8149
6455
8996
9949
2461
4965
5477
2484
4904
8464
9937
7884
9602
1826
7685
1408
1814
3821
472
1690
2362
5996
9678
4678
5052
6711
2180
7600
9910
982
9971
6187
2482
5601
1485
3580
9682
8587
3110
6714
2486
1338
6789
1131
7058
7082
1289
1052
9173
2154
8563
9928
8959
1966
4664
9381
4108
2442
6943
665
5633
6591
4362
6174
1236
5070
5927
1429
7880
6954
8258
6480
7170
10000
9415
8363
1697
3293
1652
3489
9613
7438
138
9554
5138
8570
1415
820
4145
1550
3939
9479
4720
7250
7253
2160
5604
6289
8819
8748
545
4717
506
5695
4686
1368
3805
6436
4712
4178
2172
2240
6482
4035
4350
5239
7302
5
5220
4395
4950
8783
1245
4924
601
3102
4453
3888
2407
5619
2116
5055
6887
4853
3048
6448
8872
9715
9631
3348
8536
3819
3839
51
143
2744
4592
1040
5681
3659
8320
1736
6306
2193
381
7030
1672
7613
6941
6379
1380
9148
4137
1567
7332
6919
8201
6811
5151
9382
4421
4673
8169
940
4126
2738
508
275
546
5091
224
9248
9893
5792
3043
1791
3550
8209
6657
3045
4730
5629
7669
5133
3057
691
4816
8430
2777
5529
8958
4823
8573
3166
7685
8164
6106
2312
8209
2771
2752
5721
4500
1191
2147
2922
2070
6285
3003
6691
9640
6097
1429
1663
8460
5904
3535
8081
6147
3233
3735
7066
4726
2992
7909
9340
1795
8903
5301
2753
1511
2361
354
6579
4843
9858
2399
2149
818
8725
4355
9753
3828
7488
9508
5822
9450
6783
5652
3149
1462
1024
3594
407
7436
1487
6187
4977
7331
300
8085
9822
2628
1970
8094
3984
9420
6775
4299
9436
3140
4983
9462
5991
1538
778
2315
2266
241
1654
3738
9721
522
8691
8870
5339
2182
3018
7387
3157
24
2691
5955
7252
6608
5057
5296
5116
6939
9674
2969
3778
1142
9180
7575
1302
8925
9424
8795
5872
4599
3489
2395
5249
1224
3956
6895
7209
2448
6456
6777
8176
5014
4636
1361
5486
5324
6652
9452
5736
1333
5709
7856
4276
4158
6607
8706
7247
285
4732
5398
8606
6319
2011
5467
1738
3006
3053
6684
6887
3625
3921
7281
1980
5202
9294
2233
9104
1867
276
2940
4097
2593
4618
3421
1611
8640
2333
2432
6993
7715
9001
8007
8813
7075
8816
4169
8959
4356
6219
14
4101
4577
9757
6131
4765
9501
7866
2181
2833
9632
4004
7605
712
3352
6839
3379
6410
6489
5037
1588
9171
2122
3779
1671
4155
7006
8382
2827
1756
3279
1180
386
5854
1156
2637
7324
5748
2289
9933
6159
7838
17
8748
1354
710
3029
9292
7455
618
7587
6277
9566
1233
3170
6682
973
8845
7207
9024
6871
481
3093
1020
8339
9585
2476
101
3075
4440
7559
9495
2303
4945
5916
2848
1615
6769
1618
793
2584
3915
7582
2762
1718
9911
3034
8470
9247
4158
2829
6992
5608
5289
593
2053
8377
4052
1547
9249
9600
3579
2617
9011
7853
7450
3540
1476
8115
6107
2990
6458
564
8900
3820
4830
8199
2356
4733
5618
1925
619
6458
7539
2743
8166
6177
632
3391
5967
8452
4662
2416
7712
1556
7496
9231
7282
6893
43
1006
9347
7990
9069
6097
1404
1669
4666
4335
3141
229
2156
8901
8728
9639
1625
6885
8964
8354
6974
2315
8964
5396
1543
7617
9651
109
8867
5175
678
4722
2696
2980
7997
3319
3829
2126
622
3972
2014
1330
5134
7305
6124
8122
5918
2846
1006
2375
9353
4329
2131
7450
1305
614
2194
3592
8363
8378
4675
8823
5769
5872
4993
1779
522
5579
3837
7135
778
5921
1072
5292
4957
888
5986
8850
1264
3314
8192
8056
6635
1460
3491
4498
6465
9913
7565
1122
4300
3780
818
9707
3412
5698
2573
8951
9664
7101
4808
3486
2177
9746
6713
6342
7339
4763
4196
4281
212
1762
8629
6111
8003
4196
3712
1522
7747
9517
694
7094
8155
9438
874
1631
5825
7054
556
7704
1537
7808
9155
9899
8499
6269
1923
4523
5609
9468
1825
5998
6017
2451
3934
2133
4004
2047
4661
4209
5386
5818
9784
5703
6475
8726
9647
7712
1860
8120
6437
8474
6309
7584
6540
3632
9005
6377
5368
3895
1079
2239
8187
5430
9180
7971
5787
4253
1943
9536
9213
2998
3968
1223
2275
4621
1777
3476
1787
7976
4787
7286
7293
8461
5915
3939
9377
1530
7481
4748
7943
4872
3645
5890
3587
3165
3801
2703
8536
225
1510
263
4157
8238
2735
9380
8676
3655
6136
4090
6933
5344
2536
8872
6375
9201
9596
5183
9794
7891
2707
8607
892
5232
9669
7522
9963
3461
5010
2087
438
8931
4968
9387
1833
6256
3065
7272
8574
1200
7223
5298
1117
40
5665
1830
5286
7255
8437
504
6818
367
3
3595
5948
816
8081
9349
8437
5497
2712
6553
2360
7587
7314
4899
8830
997
9453
567
4257
6911
7258
4934
8123
1007
7782
2866
621
5016
8340
3260
554
3980
3308
7818
680
113
3283
3585
7152
6375
563
1196
8215
7031
8282
9162
6192
9645
1225
4757
6040
8870
3017
8942
7957
1957
9932
5650
9474
3638
2394
6336
3873
7823
1304
9764
5138
4989
874
9817
180
3091
2032
8709
9818
2839
9202
1133
7421
5796
1608
2811
8254
4127
9076
3506
9680
6741
3918
8731
6000
2331
7043
2500
8580
8005
5862
8713
9889
9690
3791
3068
3415
9496
2519
3604
8708
4336
122
3045
5885
5947
3381
7887
2118
271
9464
8036
5512
9987
2280
9696
3435
4342
9302
8687
5047
8206
6715
545
9395
3953
2553
8338
3837
7466
2469
2332
5011
1355
8171
8963
6365
1180
1022
9477
8840
8881
5880
3443
6125
7954
2224
5636
8243
4390
1180
698
9571
2138
1495
1716
9865
9862
5977
6851
8138
7659
8277
1560
3669
6343
1957
6785
9331
455
9902
8787
5286
9538
6857
4043
6903
2940
9548
4494
1799
9738
1894
9164
6812
3153
1276
9545
145
3901
7367
7658
3738
4413
7457
9216
4533
3572
7978
9324
9639
9883
6742
7086
8582
3440
855
3045
1950
6540
4567
6002
3534
5905
8079
2373
3757
7442
5398
1772
2642
169
8172
4196
1878
9102
4652
6631
9159
6180
6115
3929
1494
6026
8008
1621
3810
3976
5508
9182
2229
3401
6276
9849
2477
4102
4086
3121
1955
5378
1770
9029
3575
7653
9690
6671
5605
7850
8822
1460
504
1784
5080
136
2530
1931
2219
4425
9466
1133
3870
6690
8004
480
7434
5624
207
6264
5217
6801
3925
1369
1659
280
3934
6571
211
47
9064
4721
7523
7005
1966
4501
2814
672
5524
744
9209
2461
9441
6700
9461
1224
1306
5864
7634
54
8329
2653
900
452
6013
3650
7514
3046
9031
636
843
8175
5936
834
8206
1933
1847
7791
9949
5943
7009
4567
4462
6043
6639
1677
8382
3727
9273
7304
3241
2722
5844
8350
2039
1485
8158
5013
8026
7778
6399
4580
899
3424
5038
1655
5463
3722
8803
6223
3134
4997
7623
4797
6448
3654
9280
5224
3309
9089
3724
2870
6461
4060
9593
2197
2809
9928
1379
4412
78
3240
6293
1589
5146
665
5081
1219
9282
7108
9229
5295
1063
1010
9900
1687
2977
1943
4000
8177
2153
9694
2358
3693
2510
5949
3207
9748
1479
1108
7393
6156
5085
6773
2204
2859
8523
4659
2159
3908
8946
3496
9252
1961
4924
811
7674
9020
15
8601
802
4349
7381
8301
5725
8287
1867
3421
2329
4216
610
7033
1552
3923
791
1136
9976
7558
4798
7525
7493
3800
4527
2248
9210
1344
2350
5843
4858
86
8731
2445
7173
2976
8128
9888
4699
4892
8761
5107
3119
6060
5522
2829
1700
6277
6669
3355
3465
4677
6611
4590
877
67
9710
256
323
2479
3387
5069
5662
8875
5555
5879
8585
6017
6212
2171
3820
7291
8472
5895
882
2160
8034
6322
5037
9421
2230
966
6133
3077
1462
4887
2740
1701
9299
5561
6805
5813
7229
7894
8688
3292
9668
3492
9657
3263
4013
3001
7397
3721
2784
4077
9616
7234
6875
4518
1690
7488
2380
5586
3298
2846
7919
3803
2081
8653
4215
3825
4666
9309
2532
3187
2795
5022
4769
8390
9428
3324
4057
4415
2971
7802
2447
830
4571
8032
9785
7290
3446
2279
8882
7971
3259
9795
4985
1304
3718
126
4361
4281
1424
3760
5481
2930
7583
6789
9094
7580
77
6175
8154
8311
1705
6780
1773
6984
3980
6643
5325
3376
9689
1271
6215
9039
2692
6946
1315
647
3610
4163
4013
5652
4509
290
7137
3126
1620
1506
1878
8635
7182
5330
32
2421
3462
9019
773
3886
2429
8898
4102
8248
1333
5865
6292
3712
5591
6150
3066
9885
2934
8103
5511
9145
6649
9214
4465
2102
4083
6647
4855
6153
9149
2452
7834
7582
2383
2121
7857
2460
1062
4997
8635
5322
8430
5230
8242
6770
4831
302
451
4296
3845
7013
4414
5260
6949
7088
9430
4412
4916
9382
5646
295
2801
2509
8005
3467
446
2122
5383
9411
3289
3587
7518
5296
695
4482
4124
302
1174
5921
9111
4280
4749
5436
5782
7366
9602
1459
4128
7150
6892
4186
4213
8497
4613
73
6784
4689
9204
6032
1921
5857
6176
9306
6286
9406
6402
3197
6169
7127
7017
2248
8080
1825
1161
1361
2281
2654
9656
686
8046
279
7206
3632
6197
9140
3533
4303
9619
1079
5751
7846
5579
6190
5528
6365
7414
2607
8748
8386
8320
3882
7584
2178
6840
309
188
4603
209
4100
7464
220
7633
8924
7619
5819
1343
3453
9632
3000
7878
5199
5855
2879
3236
5776
4620
6186
1262
8252
6811
7670
882
9727
2124
3691
6772
9580
8361
6144
497
4610
4605
5359
587
9360
9117
5444
819
1556
7535
473
8963
5617
4344
806
8989
7846
1617
8326
553
3946
7827
7899
5328
3523
8593
5710
5001
4333
944
6848
838
3306
6749
8566
8542
1754
5344
1977
9613
7169
2555
3146
8008
280
3522
520
8444
1691
1017
8244
2116
8780
3142
6216
6259
9178
8596
1566
5788
5872
6420
9904
3328
6198
537
9589
4016
2926
2059
9982
7733
3918
8604
7668
1905
2334
9156
9199
7417
8816
5244
4628
7856
998
4726
967
9147
3128
1519
895
17
44
5958
6500
7716
6708
5398
6808
6086
964
3014
9963
5356
5058
1928
5051
4365
8230
5589
1764
7154
2063
2021
1952
4832
1535
7539
9449
6704
6124
5609
7120
5334
4040
4923
7799
7552
6640
3144
3852
5663
4622
6038
2752
6866
4677
5568
6107
5067
1149
2468
4585
6892
8470
7544
6041
316
92
4280
8970
2633
5545
8006
6258
7956
2258
4611
797
4086
85
131
7
3871
3805
1369
1250
9381
6879
3683
5173
3035
5318
5976
1366
5241
9494
30
3252
4176
3277
2626
6782
8097
3490
220
319
1582
8017
4588
8926
2224
452
5090
927
6764
4711
5281
9615
9369
9671
1896
2859
8320
6164
5801
1461
3332
9735
1780
8427
2332
2238
334
3740
2978
2625
559
5364
937
6001
5876
5686
7684
7037
2876
2951
9641
4274
7928
3106
333
420
6497
8279
6171
8546
757
2782
9957
4569
7496
467
4684
3271
3448
6503
6191
5376
5146
7044
3645
3269
9204
5003
4294
3907
1370
4153
9697
961
6753
1769
8344
4261
7418
6851
9370
582
3636
2481
2606
9539
680
7987
1754
962
5125
4131
8281
682
503
612
8847
872
3182
7035
5948
7505
5678
2920
19
6642
1335
8228
9593
1596
5497
9131
5223
3212
2954
2330
5511
5944
687
6235
4886
2857
16
9311
5494
8578
4976
4352
6004
6543
8704
3913
7395
9073
4284
4471
9991
9022
2614
8456
1548
8659
2380
7341
1443
3678
5338
5760
5600
5667
6775
551
168
1594
9953
5313
9586
1911
3775
4637
9458
4456
991
4982
2577
7531
8469
8268
7757
4847
3137
8322
7042
2182
329
2005
2125
7092
1905
1311
2605
6688
631
3968
854
477
7498
3910
5771
2642
7801
1193
5390
1334
1716
1157
442
7854
341
7835
8035
344
1532
1526
720
1845
1972
8807
5463
4413
9726
5184
2501
7345
7865
8795
623
1810
3516
4732
3150
5428
8733
2021
4100
8576
4306
4747
3679
6566
4869
6390
7283
6174
8302
5998
72
8709
3121
3887
9881
1373
4499
7033
1578
2266
9252
9202
2130
1399
474
4021
1377
2909
2876
3066
2019
4236
7931
1783
6174
7814
7990
2191
1084
5706
6986
723
8291
4391
634
4308
9831
5758
3402
6438
4994
5415
3495
4847
6688
4834
2991
2878
5650
9795
9734
7875
9144
2066
2621
4787
4032
4721
8958
5145
4976
217
3852
6797
672
9895
4925
4413
5883
4819
3043
6498
8339
3731
6521
5802
6952
7293
4390
1652
7550
570
2276
7293
6852
7121
9519
3403
1410
9752
7980
8889
6076
8838
3872
4675
6561
1142
7167
5167
2059
6619
46
5229
4655
1145
4659
3377
3740
9974
3649
824
6223
8907
9980
2294
1264
2322
9806
160
2778
505
5535
8091
9370
8667
3082
3837
720
6414
8024
4146
4747
3464
5946
6763
7046
9553
1411
4749
888
3341
3776
7304
6506
7405
4503
5494
7489
5626
7268
7296
5174
6244
8137
1641
2442
3803
7745
2123
9502
845
8775
2414
2322
519
6184
1539
6672
6794
4184
9071
9569
6896
8331
202
4551
8603
1023
2113
802
3068
1701
1911
5318
2058
2855
2677
9820
7244
8551
7020
2087
8435
8428
5843
7686
7414
8560
2619
9115
7306
1002
3480
6529
6308
5547
4411
927
656
7604
933
887
7006
4608
8658
2049
2936
5431
1228
8954
999
664
6140
3768
5808
278
9895
3885
3113
2290
3906
5665
9802
8357
6488
4230
8687
7914
3649
9565
3052
2642
4535
4322
7027
9474
5409
3705
7957
248
9440
7928
6716
4886
9923
7480
9982
8593
2291
5862
2790
2594
7119
3917
4078
9114
7302
1511
2017
57
3604
5234
8532
3555
6075
7262
2783
5437
979
3129
9384
5275
5004
5925
3919
3512
3924
4611
2600
7867
229
9352
767
9110
2734
1038
8488
8273
7079
2057
1286
1991
9004
1268
4789
3597
5377
4044
7437
5930
2102
1868
3238
9951
7979
782
5048
4318
4086
4501
2139
2356
1144
1879
5269
2332
6139
4311
6516
6196
8869
8100
6084
7528
3164
2601
2613
3467
2119
5568
9634
598
4189
3492
1619
1537
8009
3650
4174
9623
8411
3739
872
3777
914
3317
4263
1463
1734
9023
6616
2254
9256
1100
5571
3245
7122
3019
9645
3677
9554
3474
3347
1734
4331
913
4070
6080
3721
7856
1659
7573
1436
786
9257
1918
1301
957
5365
5276
9640
5186
1927
3641
3821
6476
3814
5393
9153
6726
939
1511
9699
9692
6633
4611
860
9180
2178
5895
2569
1336
3274
9434
2618
396
3862
7651
5689
6684
8921
4134
5470
9990
3198
9715
835
7725
3674
8022
4736
2496
6913
3386
1312
3386
3525
3346
222
3220
3748
4526
3801
6908
7911
4946
7452
3982
8532
2299
9318
6886
2989
7162
1286
4116
6802
7426
7893
6623
9875
2480
1933
1184
1148
1428
5562
6954
9964
1123
3598
7503
7555
3230
9220
4403
5038
4796
3997
5958
8908
553
3231
829
4232
6156
3836
9980
3602
8247
9912
851
8006
2189
9361
1383
4541
6415
9309
1387
1967
3939
9599
3600
5103
1894
2698
9107
1763
7180
3435
7310
3425
9986
6314
601
5265
2018
8641
5251
7907
831
3062
3973
128
1138
5558
2928
4402
5266
9697
5667
2158
1573
8893
3766
3218
1190
4662
1127
5368
4040
8245
7895
1040
4371
7581
2570
2699
3676
1598
3849
7210
9468
1723
1754
8681
2298
8015
4433
6987
7178
6544
9616
4295
3370
9246
3889
4998
3949
1971
7045
3145
6302
8363
9866
1824
6675
7851
1942
8462
7580
3350
4440
9886
8517
7296
8096
9169
4812
6435
4293
219
215
4720
7581
6498
2706
408
6144
6596
9004
7118
7584
8634
5569
9696
491
3079
2848
3322
773
6497
2244
3593
9332
8103
6837
2928
3024
4483
3313
4014
685
1028
7758
325
6577
1494
8579
7438
7579
9028
6788
9603
323
2796
7024
1610
1897
9406
7040
8322
7826
6082
3340
7890
5011
3382
6846
5812
4550
7194
7927
9184
9701
8189
799
1428
3407
6165
2982
7882
9745
9892
4744
2051
6390
1081
5719
8911
1475
2588
4190
4929
5374
271
2313
7104
8853
4979
6544
3737
8083
8649
9940
6011
9474
7161
7565
1254
2580
428
5115
300
9202
3533
7042
4726
3862
5796
5985
1227
6862
5355
7443
1320
5959
8981
3693
2191
2607
2373
6536
3844
7214
3655
7656
699
744
6993
5074
2252
6187
2720
2873
4770
5630
7948
9404
9554
5506
5373
5147
3423
1832
9224
8513
7382
6158
1794
2081
2908
8888
3545
5379
6884
6913
8215
6569
5891
2557
1036
1558
612
9573
3612
833
2887
5508
4336
6808
8795
8513
844
5454
1455
9479
4786
8383
9661
6369
4641
1312
798
2576
7967
2721
1120
5456
9496
4298
2125
8243
8397
9553
4886
8482
3836
2655
1106
200
2350
6334
6893
4199
9608
2618
2711
7028
7760
3142
3540
2932
5140
2330
8775
5371
1939
9907
1420
4116
8349
9917
2627
1830
8299
2478
6434
7721
3594
2448
5724
5128
4563
4288
4853
6265
7159
3156
4369
504
5268
6732
881
6829
3656
2240
8582
4256
8023
8099
7107
9156
5572
1855
8127
7255
8573
4796
2306
2782
2579
3822
6851
6418
2169
1392
3324
8203
3349
9275
6581
6864
286
4768
9727
8871
2962
4214
7566
4732
7006
7724
2150
9761
9357
8143
3686
108
9309
8561
6566
8903
8072
6274
6722
6144
3787
8734
973
2748
7768
5428
5116
1744
4214
8487
3536
3528
8368
1995
3119
3707
2338
4579
8542
1707
9248
5632
9183
2985
8456
6416
653
9836
2128
6822
5444
3481
1677
2989
7100
4548
7806
3188
2930
3904
9852
8304
7810
7228
8221
2335
7821
7391
114
8977
2547
5193
22
7478
8730
7267
326
5789
5499
76
4635
3513
1880
3632
5653
7074
6070
7594
3177
8147
3520
3644
3588
5808
7703
1282
4497
9124
3133
8937
9693
9677
4927
7907
4138
7045
9347
5709
8176
9335
8145
4355
8063
2461
6643
2167
124
8995
1029
6117
4239
8439
7049
3893
3467
7332
1506
1238
4805
7954
985
7147
1711
4407
6686
4113
2149
5575
4352
5478
4745
650
6796
2040
8362
5136
5348
1463
7354
6300
4824
2494
684
6170
5821
1793
2348
7763
184
9966
3900
9651
9930
985
2189
6443
6095
5405
4017
6987
5884
4374
1699
4362
9748
956
6708
9605
1237
2759
8770
4571
7537
6758
1411
4079
1329
7416
7320
8866
5909
8635
9798
3435
342
7225
9133
8968
5682
1585
7778
979
4058
1889
8193
8208
7936
7542
6669
961
3030
9628
9984
744
5432
6696
3585
1685
9649
4393
1219
4581
9516
3609
5736
1570
5293
9852
6285
8113
6258
6303
6634
9526
4553
3931
7046
7717
1668
9465
9530
3589
6193
984
1343
5097
5722
5973
5141
6869
9815
3849
5942
8440
1782
8134
3071
7062
7162
7418
1233
4654
4351
5297
2184
7937
6567
8385
849
4803
3721
3933
842
3774
5063
8218
4451
8831
4595
83
1725
8231
7184
624
179
5742
1790
7388
3603
9521
6276
3580
8309
8694
5157
6190
4525
5069
6315
3608
6786
4416
9074
6077
6537
792
5470
3422
9533
9050
9058
7478
1773
4578
214
4926
3075
5973
3022
8726
7765
6655
4390
7323
3710
7702
8025
3463
3795
5571
5356
3425
8287
2912
6138
7589
1475
8487
8780
7220
7590
9818
8203
238
2332
5401
1691
1829
4599
1964
9640
592
8273
763
258
3895
6140
7815
6237
4103
3447
9377
4652
1201
4222
4777
4712
6715
1210
4926
5565
6011
6433
5204
9380
8716
1864
8851
271
7732
5139
6533
3691
4482
7903
7057
5533
8889
4014
2335
164
9643
1610
6029
5603
22
537
651
729
2479
5840
564
5744
1659
3740
8478
3545
7691
2009
7689
3473
5879
6444
7857
9321
213
8134
4314
4785
3494
3886
7486
7410
9966
260
120
2929
5253
5434
2322
8728
1116
4771
9095
6047
9324
838
6815
3644
1921
9540
9883
20
9932
8415
4966
9141
516
5094
7478
6615
1038
6812
491
5383
3714
9417
7698
5206
6152
299
3412
7261
604
2217
9176
1646
3830
7500
1244
4360
7572
442
978
3464
2850
5522
4544
3766
1839
3776
3436
5338
7512
6483
4815
2282
2192
1151
921
6324
2046
1292
219
9611
9745
4779
7322
9395
9350
5357
8825
8209
5111
4623
4246
5707
5496
1054
5778
7824
2578
9295
7672
6155
6872
1448
8719
3458
1268
6866
8679
7863
1320
5171
4973
2652
8635
9749
6076
5208
160
8420
1599
7685
4439
5102
9266
1237
9907
1587
8123
9208
9390
5054
5403
7719
953
6100
410
6134
3412
5266
5712
4360
856
4369
182
1587
3249
2081
1035
5069
282
9054
9659
3338
7801
8507
8440
8667
3689
2928
8681
2592
584
7400
1945
5368
2090
545
9946
4494
8956
5892
4320
603
2847
4998
5272
8604
1350
3452
2412
518
2141
2876
7419
6832
9480
6802
7143
2981
3176
7827
5791
5870
2511
9331
820
2594
183
9487
1385
9969
6114
2396
8433
8627
8787
5490
3003
6493
7703
430
1949
6834
1256
2941
8178
1957
8929
5499
6428
5654
4019
1565
8140
1699
3595
3297
3693
1602
129
9919
8355
1241
1241
4991
6242
5542
6934
3519
6103
383
632
2225
6116
7960
6556
3823
5343
2899
6629
7081
5225
6600
7874
9392
2938
2872
4255
8134
4840
3283
6392
3
3813
6238
970
6630
8236
2524
4119
3210
8333
2967
930
4034
5299
2675
1310
5615
6074
6974
1767
7172
4366
8441
8116
9467
5535
8021
2926
6590
49
9155
5055
5159
9713
9025
2597
1315
5760
5856
4402
3573
6994
1221
9370
7378
2988
5494
2168
3186
9590
3671
8790
7867
8257
3373
8098
1083
1628
5562
5925
9954
8384
4126
9678
1744
5269
496
7327
7686
7294
5860
6096
9864
4242
6428
6812
7834
5809
6224
7566
3293
5658
1912
6509
8861
5174
8423
976
6102
2278
5171
9676
1034
9291
9717
2581
7271
5304
3017
1456
4455
5557
1044
4531
3033
9435
467
277
9318
1237
6684
4408
8954
769
9787
668
3111
9869
6912
6772
418
8184
2960
8746
5499
7930
722
6511
514
4275
1226
4212
7744
1071
3582
9241
2529
8704
6447
8734
7148
7418
1633
2371
3483
4243
6651
4248
3610
261
5524
5827
9144
1095
5256
6014
921
2005
5943
3423
9579
3957
7399
7420
4204
2882
7786
3632
5601
3718
6433
2646
3777
3382
9953
5459
2088
4262
160
8401
6964
4297
1000
9558
7402
303
7315
8695
9601
9970
3605
2578
8427
3199
3724
7103
1603
4697
3880
948
1823
9357
9473
1196
5219
5718
7054
6961
6694
2284
854
7808
1170
1561
2920
7249
1598
6417
1535
6920
77
397
2803
4485
4031
918
7739
6733
809
4559
5792
5855
7980
376
7117
5783
3822
5054
4573
5075
2574
9618
6409
8507
4505
1701
924
2333
9580
1548
1903
1021
2893
5546
8630
625
2166
4280
7577
5422
6427
3288
3894
5876
2099
7427
895
6166
6361
5467
5597
6138
2149
9037
206
4408
1320
667
7106
4438
8649
7364
5329
3528
9662
6697
3712
7046
4028
8142
9549
1078
412
9626
1257
525
6229
7462
6076
8001
4224
9586
159
3555
9379
384
5790
3913
2928
6687
2587
2836
3737
5905
9724
8781
9385
635
3216
9991
3406
8439
7107
8763
9624
3613
4482
9296
3072
1409
942
5457
3473
6042
5089
2530
6048
7363
499
3370
5619
4249
4443
1032
1023
5023
3103
9276
587
8624
8249
1004
4874
635
792
4214
6153
6211
104
910
3029
3239
8123
7239
4276
8871
3579
280
4044
9272
5881
6314
7264
8508
7348
296
8599
499
3296
8085
7885
5804
9720
5234
3402
2680
9366
6181
7481
7689
8137
827
7192
7094
6250
7260
676
1922
6617
9771
4690
2578
8326
9142
9411
4744
1069
9445
6787
3926
6229
3323
4909
1962
2360
973
1230
4335
3699
1075
9111
1447
5549
3689
1726
5979
7876
2831
1884
1328
8347
1674
8382
7905
7045
2274
5167
6132
923
1240
9284
9875
613
8090
2277
6637
4274
7349
5074
8716
2697
6002
5295
3591
9055
5422
1036
9606
2706
1586
232
2792
8713
6055
3224
1050
8941
2823
9913
3405
2206
9587
784
2111
7657
1310
142
8339
8927
8920
8670
8172
7535
5714
6609
5063
8110
3698
540
7651
4689
5135
4759
444
3951
9043
1533
6914
8131
9591
8658
1267
8870
319
1988
7602
6951
1577
3443
5137
5156
8643
6394
5568
558
1237
4680
7118
4891
9889
1309
4441
2737
571
6201
1803
2108
9519
9298
6354
6300
3465
5723
8905
6141
1498
5645
6778
2642
1268
4653
7297
5553
5968
6896
1807
5689
8010
909
4373
7137
6967
7106
1552
3730
3698
5625
6045
4236
9102
5172
7085
7605
7404
560
5808
2607
967
2449
696
4074
5508
1802
9382
3998
9088
9043
4845
4621
9681
9150
6476
6726
172
7550
8861
2561
7824
6079
6682
323
761
728
5808
3283
978
9848
5433
3937
50
9783
2175
1357
3796
1042
9881
7209
1735
3761
5070
6641
2614
98
2931
6917
2466
8983
6505
6011
5129
3623
7663
9027
4883
144
8581
4301
1040
4817
2898
4271
9168
5377
9897
6615
6425
5979
1301
6738
2380
5823
7993
399
8034
5038
4658
7337
1115
4824
7418
712
1944
8668
7544
4813
8169
6446
6624
3739
3385
2904
4123
1187
3883
9448
563
6331
3986
4438
3358
2734
5662
3903
3675
2827
3535
2758
3045
417
1311
1839
642
6021
3494
4892
6755
1981
8226
4047
6431
8078
2663
7927
4845
1163
7145
1861
467
7659
4232
9281
1907
8975
5796
3843
3774
4421
862
9052
2163
5754
3918
9572
7515
9490
604
5925
7697
456
1111
265
8321
2841
5638
1259
6887
6046
8775
6140
3508
6289
9642
4433
1005
839
8186
5447
9844
2780
2461
513
7343
7338
2039
1676
2776
9368
7751
6244
2846
4977
9591
852
7315
8548
7823
818
725
9025
2103
4652
5307
6060
261
4302
6989
6945
8616
5606
6693
1181
7837
3703
7851
8614
2753
1939
960
4167
7928
4524
8612
2157
6583
9835
9543
8143
2147
8955
1727
9836
2024
6305
1103
2619
5838
9369
8307
8237
3684
693
1372
7533
5380
5904
6024
5734
2001
6616
3762
5900
2622
865
3165
1614
7100
311
1871
7231
1359
7224
3649
2233
2807
8020
48
202
2432
3736
4645
4530
8065
9517
806
9161
7042
3930
9612
8533
5464
6190
7666
2356
770
8740
5239
5611
9407
2096
1637
4171
6011
8820
5164
3066
7718
5419
1779
2775
3731
5017
4544
5684
7642
6381
2879
122
7564
892
8918
7333
8259
5409
2840
6552
7997
2203
9495
8131
7740
5036
4125
3275
8862
8668
2621
1688
3353
3563
3630
1216
8549
6613
7124
4354
5951
7275
193
114
2210
6536
2015
9496
7143
3397
6008
6016
3960
4099
480
9968
5979
9348
3540
64
3192
3680
2643
4882
9678
7652
9327
7161
671
3269
4986
6895
6799
5694
5100
990
1803
8071
2886
5895
5882
5742
9138
3784
9259
9621
3785
1671
3161
2826
2348
862
5597
4582
1028
5903
2772
5268
3851
1995
8094
8980
1561
6899
8130
3713
7340
5056
5732
3275
3489
4999
734
739
9209
7089
6429
6463
3004
9726
2547
1669
4042
815
4493
1154
3133
9463
7786
5652
3327
5817
25
7444
6813
1865
6603
8379
4198
4188
1363
9049
4495
2406
5850
8405
8925
6253
9046
3067
9626
4277
8377
8855
3919
3679
3189
6226
3605
2819
7741
4649
8299
5426
5982
958
8600
5199
4241
6471
1309
8682
8171
5003
3323
6788
7730
7730
9331
3765
2405
814
706
1928
1261
223
6863
5754
5212
7831
9862
9539
7486
5009
7577
6056
1296
6949
6718
6535
7068
1737
9243
6241
3754
5079
8678
6752
2
1933
6318
8626
2562
2750
9990
5970
9480
9991
7449
5786
1365
204
2309
1973
8725
33
405
8656
1567
1302
396
226
7604
2021
1388
3759
1121
7301
4985
4534
7720
9925
2852
9653
924
9275
1414
4690
9038
3965
5071
8884
6583
9281
1425
1812
9463
2277
4698
7497
1391
5780
190
3168
6988
2682
714
7326
5951
1339
4288
2473
6078
3649
4556
3016
1101
3301
5600
9312
3253
357
252
7802
7308
1996
9640
4465
7001
8621
3666
4987
7019
8671
7930
6798
3959
7441
48
8217
4136
2310
7212
6141
9153
2262
4692
4721
235
7499
5932
5413
457
8861
1460
9370
1277
4266
5101
3215
4
627
108
7355
8862
4929
9086
5182
923
5579
4893
1402
4763
1125
5909
43
8057
4791
3000
3710
6056
9825
3539
8007
3437
3540
9648
594
3072
1597
1950
7537
6233
4267
2395
1453
1506
6076
3985
8119
8361
4270
9912
1928
6370
6301
8641
7859
6357
6221
9959
6108
1073
3146
1277
6735
6879
8515
8375
2393
4771
8977
3695
8493
8837
3235
9211
9866
3925
7271
5600
2719
3257
210
2372
3901
9953
6367
821
4610
3376
6152
3750
1195
2539
2113
6431
6207
5726
4614
4446
5889
5869
7804
8044
3820
8488
8354
2403
2752
4539
2178
5444
9102
2356
7317
6610
3123
2416
3421
3043
7460
7964
7209
6794
1760
5551
2601
9882
5038
8014
4450
4349
3199
3265
2178
3965
8202
4297
6615
8686
1983
2928
4648
5229
9819
9974
2453
5626
1836
3015
4172
8999
7764
7142
6586
4714
4984
5366
579
454
1994
5960
9419
3451
4564
7638
6804
4365
2120
2098
6067
9066
8737
8532
6053
7034
4634
5602
1217
7395
5025
8954
5215
5658
3963
8614
8373
6206
1405
3471
8548
7207
3521
5338
5539
1636
8891
6814
4048
4651
767
6979
6822
8432
4961
166
439
8037
7960
5360
565
8759
5213
2230
2523
797
1135
2962
3564
5847
4698
6187
9937
1833
7536
9732
6262
9593
3111
7457
917
3533
2804
2615
9068
7874
3096
1774
5688
2170
8046
3821
8078
7667
4282
2898
8428
7725
9926
2415
27
7277
4246
2401
6624
5926
6304
9176
5877
1897
1459
9975
9727
9307
6300
5737
6346
8657
8723
1211
1463
3378
5988
7807
2418
2355
9967
2393
5075
5370
5681
3816
718
1894
5967
7300
538
1273
1146
4943
2446
8922
4896
3094
3975
8282
76
9646
7790
8162
5387
9035
7557
1738
3559
8690
8788
8225
8934
2625
5065
6168
859
7408
4484
2301
5920
9420
1562
1554
1381
8426
8091
1728
1356
7327
1810
5784
6090
3550
6309
8227
5751
7126
7172
9986
8935
8585
9404
255
7333
1537
5871
3892
394
5393
393
5300
9794
1248
7086
7161
8558
1615
7304
388
484
7208
3359
1179
6771
4695
6947
4200
7187
1837
1060
9964
9922
7421
4633
6487
1796
5092
162
9623
1122
5196
3801
8101
9795
6892
4365
5164
6982
6671
3377
1476
3060
7839
5066
2901
2520
4677
7331
5761
1331
3883
727
511
3455
9991
2392
3557
8226
3694
8039
5060
2419
7399
9145
7215
80
8904
6154
7376
8128
4935
1455
7208
4734
2864
4521
7658
8364
6059
9183
8205
9690
3339
39
8496
8580
4758
1647
2264
1705
3347
349
1300
5430
998
9998
7576
2842
2194
1745
815
9605
8590
3125
6779
8364
8079
1959
7169
1086
4482
4654
800
7271
735
1756
6049
4388
7117
8528
9902
5811
4158
2260
4650
3118
9259
4293
1602
833
6116
314
7692
9718
4847
1987
8896
4202
3748
8302
6219
652
3551
5717
5628
6009
9682
5581
7486
9550
7118
1462
622
3450
9959
4011
9246
2227
5904
2261
773
465
9082
250
7147
8350
6503
4135
9577
8447
8511
838
5558
4343
6565
8118
1515
8136
2644
7100
4642
5254
3022
7733
5720
6110
7814
9408
4246
6550
3396
2203
3335
8420
9249
1297
9552
162
778
7759
2145
6602
7710
6982
128
5892
5024
3808
3331
5144
6350
9159
855
834
2344
4389
60
9961
916
4957
2242
915
282
5656
4555
1976
5746
6576
477
4925
7987
9905
3827
1688
5500
6205
840
5262
7159
9051
3200
5908
2286
819
1249
9037
4644
1543
1398
9
1063
1434
2369
299
9774
4919
7433
507
2192
6457
5083
4648
2332
8392
8887
2197
6371
7897
9971
5725
5073
1123
343
2094
7702
3359
4607
9950
8749
3826
8791
9799
4963
96
9057
7517
8097
8132
6492
991
974
872
7426
5565
3999
3610
6918
5938
3333
1217
9589
9821
3749
2682
1361
7046
6897
2460
9653
4687
1057
9678
4939
7254
9834
6854
3522
5817
4331
5587
7215
1733
1384
2196
5899
7724
5183
5085
3146
9417
2602
1318
7645
6078
2289
10
1618
7355
9457
6743
4411
3677
9091
5250
5100
9298
3515
2923
7629
2870
7324
2753
1931
7499
3416
4464
1717
2137
1736
7882
2527
1719
5226
3153
8254
6041
2909
7972
2507
442
8536
1345
3771
5911
9560
1652
762
8827
2047
1938
2062
2758
2181
6604
6027
9339
5987
1694
487
4205
3368
5690
6202
8042
1881
9001
1578
684
2664
5376
1456
3841
751
9840
4232
1596
2765
5213
917
695
5915
3382
1838
5929
789
7226
9439
9810
5217
3985
5262
7461
9655
5779
8088
9341
1276
4038
9175
1536
4021
8712
9513
1434
884
4527
8247
4238
8954
1219
1389
8471
4664
1194
3217
2544
9371
8434
6683
6092
7502
9891
7975
1997
4203
3417
3723
8630
1539
1248
4511
7296
9297
5869
1586
311
9101
5963
5406
4565
2012
1866
6383
3808
2300
2921
1396
5440
4320
7902
579
2687
3742
5155
7857
7973
8794
8186
339
4456
2302
662
4315
2162
6081
9917
1939
4910
4332
2545
4114
8778
5061
849
9823
6841
4815
2662
2362
5820
5355
683
6743
1830
9774
3463
9848
6436
2243
7338
8300
1701
8575
1637
2156
3361
9172
1783
6718
8359
3886
9973
6848
6527
4193
3971
4731
8903
3022
7121
4465
2535
5525
7695
5148
2445
4685
9952
7780
8614
5630
8206
3505
378
4517
7149
7254
7161
7530
8109
3511
6636
6814
8589
9438
6704
9403
3427
8242
6988
7187
637
9629
363
5904
4121
1777
5418
2000
7960
7290
8701
874
71
3368
3678
8421
899
4418
2558
6399
5083
5717
4371
2801
5608
1112
8209
6310
7709
1458
662
4029
7709
8335
9632
3466
915
2514
9268
5061
6936
5109
8721
9497
7696
124
6275
351
4330
9456
8313
7593
2857
7427
3582
7498
9723
155
8706
8976
5816
3090
8649
5545
2844
6390
6327
3136
8124
7267
1741
9893
6462
5918
7347
706
8471
9069
1915
4214
7624
1325
4072
2570
6485
2104
33
5478
8608
3922
7373
9044
1481
4843
1608
3609
6922
7565
922
104
6435
2398
1230
7383
8781
2152
7332
7473
9313
2084
6359
8503
1189
3400
5649
2904
8457
748
921
5102
8993
5835
8861
1819
9503
5327
2792
1038
599
8107
7717
9519
8895
8287
9906
8201
8664
6820
5632
4359
1893
9831
6601
140
9995
5423
1429
7800
5894
4604
1960
5617
5529
2822
9303
4450
7520
1948
4087
3942
4481
7588
2013
3044
3035
6156
1035
5538
2053
5087
9782
684
1730
9746
7954
9112
6113
9447
8578
6335
6741
7771
292
9276
9248
8681
8084
1330
3106
4071
6892
605
3151
3220
1776
3263
9110
4302
8200
180
5339
315
4981
7565
1441
8820
4776
4178
9565
9427
9944
554
5655
2125
9626
9500
8842
1556
7348
7006
4213
4136
3536
5727
4545
8682
152
5120
8937
8901
8534
3015
2996
2685
2928
349
357
1825
2916
4614
5129
4839
7877
2336
8746
907
5223
8341
3578
2034
5283
3654
5123
8872
6822
9862
9971
5449
8137
4917
2282
8299
5574
8911
29
1207
334
9137
9808
1350
6629
1129
4693
2226
3142
3864
4802
7588
7126
1266
5008
435
1352
8434
1447
5135
4209
4439
9387
6622
8684
2217
4943
8413
568
2943
3586
526
9880
1518
4425
2330
9325
8929
4091
1802
7282
4525
8423
3898
4531
8931
353
9077
3368
4839
2703
171
8537
1221
2215
3097
7475
2235
1554
4567
9735
1468
9352
6568
3643
777
7924
2979
6058
4264
1718
5385
6923
5239
5737
6254
1626
9649
7658
3379
7891
6077
9597
1333
5010
1201
4565
1927
7924
5900
6660
82
9168
115
3364
8178
1241
3486
8688
8818
1227
2226
1759
5657
6522
7471
3468
2411
4358
3148
3843
9882
3992
1348
1097
7677
5769
9575
6918
3855
7115
909
8558
3155
9736
7434
161
1472
4841
1802
8823
5497
1404
3479
4769
7633
4896
5857
3100
1736
4706
3381
6948
5660
1533
8323
4966
2922
3288
1554
4601
4092
9378
8200
6035
5546
9754
829
5382
9134
8864
1359
3053
4572
5864
4367
1175
9175
6198
129
2290
6380
2637
9069
4401
6696
8307
5629
8221
662
2043
8316
7283
1028
5338
7544
576
1254
6743
238
8327
8187
67
9993
2864
5629
2640
9646
7723
7715
8882
7587
3201
7184
7754
4430
2902
1902
7283
2068
9394
9921
2131
5492
8390
4781
9390
774
3353
9884
1980
8267
3751
6200
7804
1938
7217
4686
7856
2226
3499
4422
1257
583
2591
8292
2515
2235
1086
1913
7552
4957
492
5215
6673
6201
9866
7370
8857
5259
8753
3388
1897
1109
8504
9862
3432
5774
4932
6514
729
8367
3396
5415
1447
4877
8889
7676
2229
5917
2378
8841
7290
8338
3302
7841
6913
9434
6825
9188
8011
4107
6472
3426
9580
7658
1579
7322
2676
471
5507
1570
255
6811
8359
2658
3743
8001
6899
676
3924
7791
2431
2291
4957
5329
1953
2772
9492
3280
1811
2983
6987
6801
8024
9232
1440
1168
5256
5054
7859
1093
3425
1142
1910
7908
8447
3798
1846
4123
4146
6114
9677
3131
2691
8019
9633
3531
5454
1943
2742
4511
8518
9312
2962
912
2683
1055
4844
8036
9586
6834
6683
2927
9145
1555
6913
9378
8231
4487
8856
8763
4856
6098
9585
5139
4665
7545
5565
7504
8326
7239
6011
5905
9202
2078
2829
5211
5680
5564
105
7796
4263
5665
6660
7994
8145
3550
563
1794
4523
7785
329
4683
5285
5448
125
9069
5334
8643
9862
5926
3413
8231
4874
7954
6858
4538
8265
131
2430
3994
7169
23
3867
6150
5941
4795
1182
9584
6794
253
4039
1591
51
4705
749
1619
7998
8651
1010
1644
2028
3858
8921
7780
967
8689
2587
1056
8870
786
4101
4689
9454
1562
6201
38
8167
5466
6168
3487
9482
7272
879
9586
7270
6681
2265
2008
6492
1891
1076
2964
8768
2396
8234
3873
2443
8761
7995
2928
6969
9961
1909
162
8248
6608
1837
1910
2804
9400
2610
1976
6461
3421
2191
5599
4988
166
8119
8993
2251
4809
5192
1165
6568
5687
1640
7723
9801
6652
783
8104
3833
8243
9496
4186
881
9651
3227
2993
6589
3875
9475
8027
7175
278
3013
1119
9473
3945
1519
6091
516
1994
2503
3191
1009
4196
5211
4408
3
6149
5323
2088
6665
9453
8700
5668
2645
7929
7407
5674
4242
8584
209
5183
8529
8961
7741
4453
5355
4998
4508
4203
9270
4109
4000
5991
5497
2463
976
9451
7318
7459
3961
1981
1120
3542
2366
7836
5188
7118
5514
1799
7271
3758
379
9150
4894
616
798
926
2492
5610
1733
6504
3039
9215
5604
4255
1079
6301
88
5177
3953
8505
8593
6373
8440
9420
3830
333
4134
6167
1084
7081
5759
1326
1259
8310
2998
8035
8070
5180
1030
5781
9475
1032
7166
5247
6244
6606
361
739
4566
1884
133
4135
3671
9491
6213
1295
1796
2692
5330
1147
6242
8068
4918
6683
6314
6789
8235
7780
8239
7542
6787
2670
2101
6896
2632
2283
754
6179
953
9791
1909
8097
596
1734
5912
1195
4055
7492
2810
8689
1670
3182
4769
295
5066
5173
87
8799
5013
6675
3970
8574
3269
4634
3383
8059
5266
6047
3038
7550
2456
1341
1556
8838
8780
5953
3165
4770
6955
5445
6877
5093
2960
9905
4108
3638
6265
2885
4709
1497
8366
6141
304
2416
6799
1992
6787
3351
5878
3914
3422
5398
4280
450
2111
5492
4412
6503
2853
2707
3583
4316
6168
3002
6606
8776
8022
6736
6155
5037
5221
3001
8089
9017
8567
6928
9167
707
3689
2263
5236
5419
1131
5422
5455
9342
7966
3855
117
7124
9221
9225
8789
966
130
617
6672
4192
9738
6896
8791
6179
6933
2191
9298
9503
1308
3403
404
8356
7503
9313
1294
3007
2636
1684
3058
1074
4522
6507
7544
1906
2873
8799
1434
1879
6341
9710
5739
5397
5717
5537
1942
3054
4880
369
2903
9851
6103
293
5230
3815
3922
9930
7908
4290
479
6115
3214
3179
7859
5769
5683
3232
8927
9756
2629
1815
2515
7273
6022
7212
6875
1736
7188
126
8178
359
8186
4234
1762
2883
3249
5576
336
3286
8315
8058
3546
6364
5354
1678
7272
2495
5039
5482
2402
9658
4820
9833
8973
8738
142
5773
8698
7225
893
6174
9686
260
5379
3887
6295
4783
5047
6143
7819
8197
9564
1757
5115
9303
2373
1264
9049
4181
7399
5868
3910
6048
2375
779
8549
8023
7268
2380
8027
767
5546
7546
586
2311
6445
8071
9454
5229
835
730
5468
3202
7015
255
9184
4247
1150
5112
6790
5041
5626
8905
2075
9682
5263
4322
3731
3870
6208
6119
8924
6409
4688
4092
5837
6816
3953
5409
9965
8974
9670
5575
9969
3186
6929
4034
2442
6837
8021
1638
5158
3649
3140
9911
8240
6788
5866
5414
17
8096
2430
1898
3814
1459
7265
5585
3031
5234
6590
9691
4349
798
1867
141
9742
9135
2754
862
725
718
7362
4708
3981
8466
7673
4657
9797
4050
5182
8244
329
7745
1399
8321
7394
3162
5518
8562
8803
8560
298
3677
7962
2219
4261
2162
2917
1683
3219
9422
6726
435
6525
7813
3235
145
4104
6350
2343
4165
9699
2669
6181
5588
5492
8786
568
5736
794
1338
9015
1718
4928
3598
8635
8591
2252
1824
6147
351
3936
2505
3194
2381
118
5608
9857
1644
4626
4712
2704
3133
2165
8200
5637
627
1975
3678
4680
2392
5029
582
7281
8881
239
5052
4864
2379
8606
736
3651
9153
5430
115
3609
7718
8906
4038
7810
7570
9365
6460
4270
3297
4952
2709
1684
9428
106
1885
5687
6654
9143
2730
2695
6418
4092
7069
5871
455
6930
6012
3136
569
3780
8943
2608
8014
9699
9905
831
1124
4173
1622
1140
5920
2574
8620
5084
4607
7114
2490
9695
153
5785
1431
4152
5267
8679
5464
6551
8022
8888
1844
9867
8983
8953
8371
8157
8890
7340
4952
5158
59
9653
7214
8858
1139
7866
9930
5254
9372
3957
8520
4191
5745
1998
2988
8508
629
390
2968
2877
6179
5579
5547
6904
5366
8443
1471
3386
2191
1310
1718
5908
793
5176
6578
3170
330
5442
2255
6625
7120
125
2514
8226
3752
5806
2231
7216
1978
3464
9996
5920
8707
6340
7837
8132
9491
6330
9667
5829
7367
574
1860
9765
1470
121
376
5265
2423
9308
4965
219
2531
6804
5028
6067
3356
4785
3989
9817
7997
3439
688
6208
4220
3025
2654
9323
2492
2094
2330
5529
9360
6169
7796
5429
6709
4163
9881
9166
1902
9990
5213
5521
3893
1333
3490
1950
6108
1069
2657
1065
5077
6911
4790
4299
7991
5630
1196
7418
5354
9036
7048
9881
1203
7908
4284
1992
102
123
5880
4265
7505
74
7736
8806
6998
2793
9189
9272
7659
5996
3463
1277
1584
6571
3788
5563
6441
566
7937
8305
7427
199
1183
717
583
3956
6541
887
6303
9076
1847
3977
4321
6311
8122
1850
5839
308
5138
6453
3883
6015
7052
622
9794
4327
2694
3970
6125
9172
1243
3325
7904
9316
8551
3880
5782
2826
8359
680
7976
1463
8638
3720
5119
3384
9761
1324
5658
8844
3863
8777
9858
4375
3199
5826
2024
1950
9390
1558
7650
4512
8282
6921
4471
8716
1446
193
3838
4701
7142
1681
8393
4005
6905
1638
1074
2773
1094
291
6311
4837
7930
6528
5713
9210
3818
9115
8151
2356
5872
1224
6754
1358
5219
8958
4478
7999
6791
1445
746
6796
9603
160
6380
96
2100
8128
6466
2494
7171
6716
6271
2905
1776
7387
6396
6164
7628
264
9316
2090
4081
1664
1244
1601
7769
2740
6511
9895
9015
2272
9273
7591
3772
158
7660
5736
4722
667
292
7414
9056
4828
8697
6677
6603
3603
4695
6528
9357
3643
9607
8702
3180
2819
7598
2265
2984
4906
4167
2259
7166
2890
1531
3959
3630
5966
3074
3247
5999
6712
1439
1751
1164
8606
2309
3330
3391
5539
6594
3482
1798
5297
9645
5627
1214
483
2099
3571
5719
2679
5396
4980
8929
3956
4584
9119
4713
1575
4302
6675
3685
2018
7380
5899
235
6627
9580
2562
1078
7089
935
573
1140
796
9413
190
4939
8663
1637
4830
8819
1602
7429
6150
5973
1738
4473
9894
6111
2190
9084
3964
849
1101
9524
2918
1607
3191
9762
8139
5594
8715
8044
9391
7211
6704
7295
6478
157
6168
3639
1282
9948
7933
1180
77
2255
8537
4333
765
4509
8868
8030
3784
9462
172
6624
6330
4255
1033
6125
7706
9333
6883
7460
1453
1182
782
6300
3388
7541
9622
1646
8217
3993
4732
5699
9917
5898
6437
5529
6014
3115
7867
6499
477
5356
3572
4104
856
8340
2472
597
4154
5317
3486
5732
6614
2207
5240
1269
6630
3301
2271
4983
3574
7431
6609
476
485
3711
8311
8418
6114
4930
4405
758
4298
7694
5680
9607
3738
8868
9788
5685
3768
1143
7957
9319
7101
7430
3334
1921
7970
3195
9438
9354
1432
7726
8835
1507
2130
8774
8036
4830
787
384
2179
1058
2003
9680
982
70
2346
563
7345
4596
9722
797
7412
8073
7035
7534
1480
4965
3853
540
4374
1984
1636
5845
2154
8575
4128
6357
7430
2476
4124
1769
7700
4744
5943
9148
7097
588
2268
4364
1815
6966
6463
5731
4518
7576
9328
6912
2311
4695
8801
2559
7160
3836
1318
2665
9760
8998
1794
6455
8157
8168
9579
2092
7949
2374
625
7395
2359
3934
3050
1245
9603
2095
350
2859
4390
8524
4182
6145
5527
5861
1441
3463
3920
1247
9825
1275
2018
8123
9450
4070
2652
3829
1860
1672
6208
5755
1033
2651
5151
2914
6373
5647
9991
2202
6921
1123
1034
9185
9951
7692
52
5602
616
1090
7421
4817
8033
2559
2850
6067
5958
5796
4694
5986
3025
742
225
9509
3347
9165
2552
8345
4515
674
625
6530
3099
6320
1136
9766
3385
5670
2436
7408
3468
5616
2446
9428
7505
284
9353
6958
1716
1568
1159
8100
6585
8818
4641
5605
2549
3438
1488
1145
8612
6164
133
312
6799
2515
6113
6901
8747
6963
1888
187
9741
3584
6433
4561
5985
2671
3527
7312
8555
7719
208
5728
1947
8433
1995
8362
5415
7537
3159
2132
1158
567
9472
8771
7635
63
1115
4647
5086
7154
5513
2767
2429
1319
258
8903
5526
6362
4593
9128
3047
732
9351
9406
1289
4212
6204
536
7696
1124
6892
3249
4290
8614
3161
3491
8854
2289
7363
2442
3149
3129
9246
1254
8153
8291
2151
8273
4818
5200
5257
6886
1723
46
7812
6778
2292
5486
1266
3449
5957
3194
4538
3082
2389
6156
1551
2839
3858
1505
4715
1114
4674
856
5534
1621
9116
7298
4793
5917
5237
8753
5499
9603
1440
4486
8883
7468
9451
845
1050
719
472
9890
528
4037
6608
360
6785
308
9814
9105
2719
7909
8769
2965
9455
5887
6260
1684
3543
4573
5862
7422
2916
5778
7358
4766
4308
7813
7408
5939
3304
4153
3544
7809
5146
9441
4942
5865
4856
8127
2123
3591
4268
3793
2344
4362
8937
7675
4404
5631
1227
2477
4729
6171
4503
9402
7439
5959
7478
4049
54
5414
6597
3039
9792
5083
4710
4043
3992
5114
5609
3074
9941
6857
4096
6527
7458
2879
6766
3152
3581
4106
8843
336
9952
1884
9223
6764
6775
3042
4917
7215
8068
9017
8009
5106
4415
3242
6397
5129
2122
7749
1897
514
896
7892
8229
4574
6211
8372
463
2739
2938
5600
846
1336
4240
9070
2868
7768
9640
5176
3021
5889
2639
1488
1570
4007
28
9453
8244
843
3015
9444
5331
3700
1497
9422
1455
3137
1469
4442
5573
9980
1855
4729
4498
7184
5178
9855
7232
3953
6961
1125
1855
8331
9731
4150
2849
9762
2939
8241
1382
4229
8399
9077
6626
5122
9318
2694
4880
7980
8083
2026
2393
2850
1853
6571
4785
2564
2032
795
953
2594
9362
5793
594
7212
5060
7237
8776
1444
7623
7697
482
1508
2831
8309
7368
6942
2756
4884
7817
4777
6890
1499
5194
6613
3967
3600
9983
1461
7863
6884
7737
1329
3919
7645
2966
7110
3962
5481
8252
268
5193
1011
9326
5780
3603
8900
3601
4713
2055
8305
6664
3933
918
6428
2874
4086
3465
6644
4009
4834
8978
6664
581
6286
7350
3782
5297
9647
2385
3679
5871
3261
9792
5458
4112
2909
2133
1349
7697
2682
6502
9140
4219
1937
7307
4395
3312
2791
7366
2192
1231
5302
8485
1471
4618
2275
7855
4066
4562
9100
2186
9786
713
6642
4548
5736
5464
4747
8211
2962
7119
5385
6260
5976
7979
3716
3928
4068
3378
5265
1960
9295
3454
6070
1809
4866
1197
8156
1532
7003
2441
5183
1474
6736
3704
9608
2281
3370
2581
8374
5682
3320
5362
2216
2232
2308
16
1427
584
2189
7705
160
9143
735
4186
6458
2780
2423
2648
130
7539
8124
4109
3728
76
9269
399
358
6851
246
327
9315
3198
3164
6514
2997
4556
1770
8329
9847
7955
9047
939
4061
6949
4222
7842
5736
6156
9812
3843
7947
5314
6492
2043
9016
9858
2843
499
3310
2860
9692
443
8083
5323
2323
6994
9407
6065
3157
1784
2673
207
9395
8709
1483
2832
2306
2238
9462
5541
8218
8731
2951
1489
9820
4881
6229
6806
9736
6239
5277
6075
5301
9851
2055
6819
7167
2509
6275
1486
305
2310
6848
9305
2120
7371
2962
5650
8897
4017
9003
3093
6043
3611
2368
5092
9862
7694
4543
7428
242
4701
986
6780
1908
2697
6277
4066
9188
5248
5740
801
6926
771
2321
7666
6382
4004
1163
9781
41
5764
1006
1960
8551
5466
3474
8251
2870
7064
3256
9966
2309
6156
7666
8148
523
2435
5687
9931
643
683
9045
7869
8540
4441
4429
2415
4462
5330
643
3635
273
1263
1338
7236
4076
8954
1202
90
6357
3785
4106
1168
9890
6064
7576
9729
8080
463
2776
3538
7535
3384
9164
828
6634
7870
5484
5225
7924
5090
9237
7103
3944
282
5420
3276
109
1984
9836
7030
3200
6573
6783
5111
5295
6645
4976
860
7944
7446
2424
8354
6242
9222
2723
918
8194
7713
8921
7733
6693
1240
1657
2316
1324
5820
2875
3574
874
4699
6028
5010
4173
4710
4043
9538
7048
9607
4713
3150
8314
2704
8583
7166
5686
1538
1787
9983
3833
7520
6896
6983
3070
8585
6865
3541
5842
7578
7617
3589
8134
4791
5402
2251
285
9323
2202
4410
50
9385
2582
1302
4081
2883
3883
5170
1790
5794
4336
938
7418
7975
2717
1369
892
925
7425
5798
2181
9656
6313
1552
4852
9732
8669
9426
7125
7124
6636
1286
8138
7465
8222
460
3505
7466
898
8414
8663
607
1915
5802
8845
7640
4870
7140
4392
5965
2408
472
3843
4289
4874
8319
764
9302
3279
2590
1014
3014
7201
1745
9213
137
9446
4520
7556
111
1200
5968
5958
7645
2504
2525
740
2311
6414
3431
7968
1022
1801
5143
9222
6064
9626
5706
705
8044
6455
735
1540
9551
915
7140
6826
7259
5100
5014
9256
7815
1423
8126
7757
3521
4753
9124
1817
3177
1991
9973
2347
8959
7886
9069
5055
9141
6882
6497
5183
9826
1983
6256
9629
870
1167
4422
2457
709
7798
3639
818
4355
4484
347
6466
508
7904
8879
5341
1477
8665
2809
6484
2347
3091
8998
2235
5547
5869
7165
9356
4129
2649
8203
2060
810
1423
9981
7603
2202
6382
8708
2312
2046
6671
5959
7390
8819
4601
7154
7858
977
2427
6488
1454
5021
4797
3589
5873
3396
2763
5387
1175
9009
5141
4037
3646
2166
6345
7032
109
6192
1676
1642
5311
296
168
4148
3203
6935
3039
5434
3925
1798
633
9341
1359
9488
9506
1448
3941
5567
3858
2903
1315
6448
9252
2679
5501
5904
8586
4500
5726
4918
1381
192
4164
557
710
8329
707
6833
4106
6128
8894
1922
3890
7199
3108
4480
9276
8129
2671
1286
8579
4615
754
4669
9759
738
2537
7630
5738
4589
9914
8925
152
5696
8053
8913
71
2119
4095
1915
5442
3273
1889
7123
9846
4661
9603
9195
8566
9625
3930
5046
3871
6358
1657
951
1272
7537
1887
9074
9728
228
5296
2068
584
2389
5710
2207
9657
6828