8600
255
9875
6812
9851
407
2626
4048
8113
1419
5415
8453
3789
7350
7282
7369
8629
5138
9106
7293
7132
9611
2930
6780
941
8037
2041
2100
7421
8187
881
4596
1008
4293
6976
9233
1886
5939
1754
5481
1436
6265
5329
6946
4570
8870
9494
4591
1267
617
5640
3088
5776
5359
9389
7160
9328
4421
6047
1675
669
1107
533
7694
6782
840
9643
8665
9296
1953
4687
9227
9082
4723
8368
6694
6735
1433
9212
5500
1196
7593
5445
4121
1881
9730
3765
8322
9394
8739
2441
7174
658
2540
8992
2017
1201
8249
6707
6821
2542
5205
4706
736
3688
7753
2892
67
1141
465
6023
5018
3310
8620
946
4728
9881
2439
4232
1030
5738
3833
4162
1415
9694
2468
4468
5498
4037
6772
3630
2654
2268
9763
7484
9077
250
9777
2301
5552
9000
1236
8635
6007
7019
5625
9072
1936
833
9055
3992
8411
4132
9805
1705
1038
866
86
8406
571
6648
4270
5419
7605
2307
1755
5251
5357
8750
3419
4808
8537
6100
3462
2222
9941
8773
8218
6148
4432
5549
6742
2145
8520
5115
7874
8551
7544
2292
7289
6863
2372
351
8358
3923
5670
1493
6831
9352
1025
1022
373
8728
1306
9346
7194
9748
5121
7891
8449
2496
7843
66
4681
5907
2729
6298
1513
2228
3518
6870
5940
3498
6174
3878
1055
3377
7483
7407
3904
8704
830
6849
7185
7662
8717
4118
3165
3025
3061
8280
7990
163
5917
8953
9116
5141
3571
1209
4339
2164
4236
154
5089
7063
1890
9616
7969
8554
1866
7850
7492
1076
239
6934
9129
6152
197
4970
898
1027
3615
4589
153
7609
5675
3020
1086
4885
8771
3224
6652
1135
3208
9316
4454
8227
6126
1645
3881
1804
2248
4602
5877
2709
7474
7122
8104
2713
2153
1305
4795
2679
9123
5033
8886
4412
6217
2542
2670
3043
4984
8114
2431
8521
7545
1238
1533
7771
4332
6956
8336
7640
5595
2354
7043
4473
2323
1598
7928
4305
106
2377
2066
2844
5244
4124
7781
5264
9647
4664
9905
9447
3923
8723
1951
587
442
2966
3887
3327
5454
1476
9775
9592
5030
5518
8178
7672
3497
658
5049
6016
4744
5377
4770
870
4090
3060
676
3554
1671
461
2052
2062
305
605
2623
1292
3921
7146
1798
929
3273
4529
7647
7625
2799
776
5079
2592
676
487
6841
6322
1658
9173
1051
8693
5571
8592
4751
9010
8816
1539
8185
6003
2839
3450
8281
7882
7584
971
1330
3578
3100
1454
44
3261
8396
2813
7902
7701
1057
6371
1526
468
5288
8774
6920
9461
6654
7089
3266
3691
6381
1163
6389
7544
5838
5978
8414
8370
629
1707
2921
7273
1896
6666
3087
5827
1380
9279
4472
2155
1268
9010
836
2693
1577
449
3861
341
1169
8601
8117
1757
2861
7053
6257
7449
5060
5492
1401
2872
6653
6331
2773
1765
682
5894
5115
2366
5931
507
2683
7738
6669
8973
6845
7372
808
1657
9395
4400
1958
2126
3049
1235
3975
2760
3204
8318
2015
6913
4558
1542
3523
4071
5928
6529
4944
7507
7369
8204
2179
6728
8244
7415
3027
1179
837
350
3316
2334
4484
6840
8603
727
9319
5784
7866
6428
7555
9281
3440
2926
9702
3788
9862
6029
2309
1512
8484
6809
7565
3323
4187
6839
696
9903
6978
691
3829
546
4642
7540
2048
7586
1651
6866
9730
4693
5269
7080
8423
4737
1250
8749
3518
4385
9508
7015
3728
5140
9893
8444
4743
9154
6238
8997
7249
63
5744
111
4970
353
5661
5551
7015
3706
8490
839
3490
3023
835
9589
330
2999
1733
8546
6375
6128
1040
345
698
3051
4467
3737
1049
62
5818
3823
2306
1910
6761
9963
6918
3933
5396
3545
1958
2691
8182
9637
7391
8759
7207
3396
2313
3087
2613
452
1716
3448
9557
4320
3095
6119
8874
2106
8828
9249
4209
3898
9976
7173
7947
2297
8179
9291
6423
9868
778
4058
8488
4920
9112
8353
3136
1218
9550
712
7853
1908
9261
7998
1733
8203
7065
9483
1560
1254
6080
7786
7182
5112
7006
6280
1088
8467
3661
5380
4533
2412
448
4499
1561
2409
5269
179
8933
3395
3958
2602
2757
5938
6789
4033
7657
1795
647
4249
8278
5867
3678
2491
5654
3596
3824
5893
7674
1712
966
5761
6922
5147
1106
1028
2124
9212
8291
1566
1888
2582
2124
860
2929
5036
5367
4948
475
1874
353
2578
9637
934
9160
6146
2888
806
4516
7427
8475
6642
6890
7355
1591
9482
4280
1335
2158
2380
2490
2918
3257
2598
6587
8693
769
1912
411
436
4370
7249
810
8223
3907
7274
5861
6966
2159
6579
1527
5393
9815
4324
9383
1981
822
9640
2644
1706
922
7956
2603
3466
7814
5559
6581
5641
7802
6372
1252
8904
8127
2031
1326
2758
5041
8117
8487
8355
8793
4441
1652
9640
3521
5822
515
265
3760
461
399
3901
4475
4032
2433
2063
9503
9753
8588
1080
1258
2976
249
314
8735
916
3281
7155
4843
6302
6333
1168
7015
2114
4743
8175
1156
1215
315
3927
2435
4113
3022
4419
5020
6382
1936
1137
2362
6917
491
7967
3833
1475
9486
4941
7653
790
7995
2313
1606
9297
4102
6551
8571
7969
6396
8530
2499
6161
7499
8070
7985
2695
3148
2986
7583
1399
5957
7810
8999
8698
8674
8434
3614
8883
6663
9132
4173
6454
3254
4508
8254
7376
1034
2535
8508
530
7892
8549
3216
1403
3826
7339
7803
6365
439
551
8039
1580
224
2485
8982
8969
5067
3817
5019
1668
4308
977
989
846
2137
5726
5020
6614
3375
3332
4883
2410
4570
386
3383
723
5397
5664
1364
2995
943
596
9079
1750
7650
3153
3983
4945
1648
3079
5531
4036
2754
4336
8112
5794
1288
3754
7152
8626
9627
8769
5229
8407
2303
7358
6920
1571
3695
7850
2006
1671
5742
247
8990
796
4230
6145
5432
6325
5625
9679
8265
7249
3958
5534
5509
6906
8567
8073
2197
3828
4897
3781
8690
949
3669
4061
5515