3213
4541
1609
9380
3576
78
7841
6078
7520
2218
9319
3057
3590
4186
5683
1067
2146
9824
3560
4483
6855
8159
6399
2779
4335
9469
6087
7852
9427
2329
1898
5
992
5512
4592
1640
7766
1025
9747
4327
7528
2481
1344
9880
1911
5392
5511
5705
8334
8760
8477
2054
3738
5456
8233
4660
537
5869
8786
3435
5895
5539
8582
9246
785
3719
8869
9845
9658
8796
6198
9705
2123
7321
1088
806
8888
963
6543
7736
7487
2728
7134
1169
8598
7199
4274
4118
5464
4836
6493
7822
4129
297
3312
2696
6064
3502
3965
7319
