19
74
169
540
587
737
784
803
828
948
965
1279
1292
1345
1545
1785
1909
2096
2101
2327
2410
2532
2627
2627
2691
2704
2718
2851
3028
3181
3279
3576
3622
3821
3966
4050
4111
4158
4254
4280
4296
4466
4485
4649
4915
5098
5216
5267
5285
5349
5368
5577
5717
5738
5804
6107
6220
6302
6371
6399
6536
6627
6720
6753
6933
6951
7042
7223
7359
7376
7390
7419
7454
7476
7495
7498
7532
7655
7685
7890
7897
7926
7929
8274
8410
8593
8683
8895
8914
8917
8930
8957
9043
9153
9158
9562
9562
9711
9886
9903