1
1
2
2
2
5
5
6
7
9
9
10
10
11
13
14
15
15
15
16
16
18
19
21
21
24
24
25
26
26
27
27
29
29
30
31
31
32
32
34
34
35
35
38
39
40
41
41
42
50
53
54
56
56
57
57
57
59
61
61
62
65
67
68
69
69
71
74
74
74
76
76
76
77
77
78
79
80
83
85
86
86
87
87
88
89
90
91
91
92
95
96
98
99
99
99
101
102
102
102
103
103
103
104
104
104
108
108
109
110
111
111
113
113
114
117
117
117
118
127
130
130
132
133
134
135
137
137
139
140
140
141
142
142
142
143
143
143
146
149
149
149
149
150
151
152
152
153
158
159
159
160
161
163
166
168
171
171
172
173
173
174
175
175
176
177
180
183
184
185
185
186
186
188
188
188
190
190
191
191
194
194
195
195
196
196
196
197
197
197
198
198
201
203
204
204
206
207
209
209
211
212
213
214
214
216
216
217
221
222
222
222
222
223
224
227
227
229
229
230
230
231
232
232
232
232
233
233
234
235
235
236
236
237
237
238
238
238
240
241
243
245
245
251
253
257
258
261
262
263
263
266
267
268
272
273
274
275
278
280
280
281
283
283
283
287
288
289
290
290
292
293
294
294
294
295
299
299
300
301
301
301
302
303
303
303
304
305
305
308
308
309
309
309
312
312
313
314
314
314
318
318
318
319
320
322
322
324
325
325
325
326
327
328
328
329
330
333
333
336
339
339
340
341
341
342
343
344
344
346
348
349
349
349
351
351
353
355
356
356
359
360
362
362
362
363
364
365
365
368
368
368
369
371
372
375
376
376
377
377
377
379
380
381
381
385
385
386
386
387
389
389
390
392
393
393
393
394
395
395
395
395
396
396
397
398
399
401
402
403
403
405
407
408
408
410
411
413
414
414
417
417
417
418
419
419
420
422
423
423
423
423
424
425
427
427
427
429
430
431
431
432
432
435
435
435
435
435
437
438
439
439
440
441
441
441
441
444
445
445
446
446
447
448
449
451
454
455
456
457
460
460
461
462
465
466
467
468
468
470
472
475
476
476
477
477
479
479
480
481
481
481
484
484
486
486
487
488
488
495
495
498
498
499
499
501
502
502
502
505
506
506
506
509
510
510
511
516
517
517
517
518
518
519
519
521
523
524
525
526
528
528
529
530
530
532
534
534
537
537
538
540
540
541
542
543
544
544
544
545
547
550
550
550
552
552
553
554
557
559
560
560
561
562
564
564
564
565
571
571
573
573
573
574
575
575
576
577
578
580
581
582
584
586
587
587
587
587
591
592
593
593
594
594
595
596
596
597
598
599
601
601
603
603
603
604
604
606
606
607
610
611
611
611
612
613
613
616
616
616
618
618
619
619
620
620
621
621
621
622
622
623
625
625
627
627
628
628
628
629
630
630
632
633
635
638
638
639
640
642
643
643
645
645
645
645
646
648
649
649
650
650
650
653
653
654
655
655
655
657
657
659
659
660
661
661
662
664
665
669
669
669
670
671
671
671
673
673
678
679
680
682
685
687
687
688
688
688
689
690
692
695
698
699
700
701
701
701
702
703
703
703
704
709
710
713
717
719
719
722
725
727
728
728
729
731
731
734
735
737
737
738
739
739
739
739
739
741
742
742
742
742
744
745
745
745
745
746
746
746
747
750
751
752
752
752
753
754
755
759
759
761
761
762
764
766
767
768
768
769
771
771
771
772
774
774
775
776
777
778
779
779
780
781
781
783
783
784
784
786
786
787
788
788
789
790
790
791
792
792
792
794
795
795
796
796
798
799
800
800
800
801
803
803
804
806
807
807
808
808
808
810
810
812
813
813
813
819
819
819
819
820
820
820
823
824
828
828
828
829
830
831
831
832
835
835
835
837
838
839
839
840
840
841
841
843
843
844
845
845
846
848
849
849
851
854
854
855
855
855
856
856
857
857
858
858
858
862
862
863
864
865
865
865
866
867
868
869
869
870
871
873
873
874
875
875
876
878
878
879
880
880
881
882
884
884
885
886
887
887
888
890
890
892
892
893
893
893
893
894
894
898
898
899
900
903
903
904
907
908
908
910
912
913
914
916
920
921
924
924
929
931
934
934
935
936
936
938
939
940
941
942
943
944
944
945
945
945
947
948
948
949
950
950
950
952
955
956
956
957
957
959
963
963
964
964
965
967
967
967
967
968
970
970
970
972
972
972
973
975
975
977
978
979
979
979
981
981
982
983
983
983
984
984
985
986
988
988
988
989
990
990
990
991
993
993
993
995
995
995
995
995
995
996
998
998
999
999
1000
1001
1001
1002
1003
1004
1007
1008
1008
1010
1014
1014
1015
1015
1016
1016
1017
1019
1021
1022
1022
1023
1024
1026
1027
1027
1033
1033
1033
1034
1035
1035
1036
1036
1037
1037
1038
1038
1039
1040
1041
1041
1042
1042
1044
1045
1046
1047
1047
1049
1050
1050
1050
1051
1051
1053
1053
1053
1055
1055
1057
1057
1058
1058
1059
1061
1063
1065
1066
1066
1067
1069
1070
1071
1071
1071
1071
1071
1072
1072
1072
1073
1073
1074
1074
1075
1075
1079
1080
1081
1083
1084
1085
1085
1086
1086
1086
1088
1088
1088
1091
1092
1092
1095
1096
1096
1096
1099
1100
1102
1102
1104
1105
1105
1108
1108
1109
1112
1112
1112
1113
1113
1113
1117
1118
1118
1118
1118
1119
1119
1122
1122
1124
1125
1126
1127
1128
1129
1130
1130
1130
1130
1130
1131
1131
1132
1133
1137
1137
1138
1140
1140
1142
1142
1142
1143
1143
1143
1144
1148
1148
1152
1156
1158
1158
1159
1162
1163
1163
1163
1164
1167
1170
1170
1170
1176
1176
1177
1179
1181
1183
1185
1186
1190
1192
1192
1193
1194
1194
1196
1196
1196
1197
1198
1199
1200
1201
1202
1202
1203
1204
1204
1205
1205
1206
1206
1209
1209
1211
1212
1213
1213
1216
1217
1218
1218
1219
1219
1220
1221
1221
1221
1222
1224
1224
1224
1225
1225
1225
1227
1228
1228
1228
1230
1230
1231
1232
1234
1234
1234
1236
1236
1237
1240
1241
1242
1242
1243
1243
1244
1247
1248
1248
1249
1251
1251
1251
1253
1253
1253
1253
1256
1263
1267
1268
1268
1268
1269
1270
1270
1270
1271
1271
1271
1271
1271
1271
1273
1275
1275
1275
1277
1277
1278
1278
1278
1278
1278
1280
1282
1286
1287
1289
1290
1291
1293
1293
1293
1294
1295
1297
1299
1301
1303
1303
1303
1306
1308
1308
1312
1316
1317
1317
1319
1320
1320
1320
1322
1324
1325
1325
1326
1326
1327
1329
1330
1330
1330
1331
1332
1335
1335
1336
1336
1337
1337
1337
1339
1339
1339
1340
1341
1342
1344
1346
1346
1350
1350
1351
1352
1352
1353
1357
1359
1362
1363
1364
1365
1366
1368
1371
1372
1373
1373
1373
1374
1374
1377
1378
1379
1379
1383
1385
1386
1387
1389
1390
1392
1392
1392
1393
1393
1393
1394
1394
1396
1398
1398
1398
1400
1403
1404
1404
1410
1411
1411
1412
1413
1414
1419
1424
1424
1425
1427
1427
1430
1431
1436
1436
1438
1438
1439
1439
1441
1442
1443
1444
1444
1444
1446
1447
1448
1448
1453
1453
1454
1455
1455
1455
1456
1457
1460
1461
1461
1462
1463
1464
1464
1466
1466
1468
1469
1470
1471
1471
1471
1471
1472
1472
1473
1473
1474
1474
1475
1476
1477
1477
1479
1481
1481
1482
1483
1487
1487
1487
1489
1489
1490
1490
1491
1492
1492
1492
1492
1494
1495
1496
1496
1497
1499
1501
1502
1505
1506
1507
1509
1509
1509
1510
1511
1514
1514
1515
1516
1517
1518
1519
1520
1520
1523
1523
1523
1523
1524
1524
1525
1525
1526
1526
1527
1528
1529
1530
1531
1531
1531
1532
1533
1534
1534
1536
1536
1537
1537
1537
1538
1539
1539
1540
1540
1542
1542
1543
1543
1544
1545
1546
1549
1551
1552
1555
1555
1556
1556
1557
1560
1561
1561
1562
1567
1567
1568
1569
1569
1569
1569
1570
1571
1571
1572
1573
1574
1574
1576
1577
1578
1578
1579
1579
1580
1581
1582
1582
1584
1584
1586
1589
1595
1595
1596
1598
1599
1599
1599
1600
1600
1600
1601
1601
1601
1603
1603
1603
1603
1605
1605
1605
1606
1609
1609
1610
1612
1614
1614
1615
1615
1618
1622
1624
1625
1626
1628
1628
1628
1628
1629
1633
1634
1635
1635
1635
1637
1638
1639
1639
1641
1642
1642
1642
1643
1644
1644
1645
1645
1646
1650
1650
1650
1652
1653
1654
1654
1654
1656
1656
1656
1661
1662
1663
1665
1665
1668
1669
1670
1671
1672
1674
1674
1675
1675
1676
1676
1677
1678
1680
1680
1681
1681
1684
1685
1686
1687
1687
1689
1691
1691
1692
1693
1693
1693
1693
1695
1697
1699
1699
1700
1700
1702
1703
1704
1705
1708
1708
1710
1711
1711
1713
1713
1714
1715
1717
1717
1718
1718
1719
1719
1720
1720
1720
1721
1721
1722
1722
1727
1727
1727
1727
1730
1730
1730
1731
1731
1732
1732
1733
1734
1734
1734
1735
1737
1738
1738
1739
1739
1739
1739
1739
1742
1742
1744
1747
1748
1748
1755
1757
1758
1761
1761
1761
1763
1763
1764
1766
1766
1767
1769
1770
1772
1773
1775
1776
1777
1777
1778
1778
1780
1780
1785
1787
1787
1788
1789
1789
1789
1790
1792
1792
1793
1793
1796
1797
1799
1799
1799
1800
1803
1803
1804
1804
1804
1805
1805
1810
1811
1812
1812
1813
1814
1815
1815
1819
1819
1819
1823
1823
1825
1825
1826
1827
1829
1832
1832
1834
1834
1835
1836
1838
1839
1840
1840
1841
1841
1843
1844
1844
1847
1848
1849
1849
1851
1855
1855
1855
1855
1856
1856
1857
1857
1858
1859
1859
1860
1861
1861
1863
1863
1863
1864
1866
1868
1868
1869
1869
1870
1873
1873
1876
1876
1877
1877
1879
1880
1880
1881
1882
1883
1883
1884
1886
1887
1887
1891
1891
1891
1891
1892
1892
1894
1894
1895
1896
1897
1898
1898
1899
1900
1900
1901
1902
1904
1904
1904
1905
1908
1908
1909
1912
1912
1914
1915
1916
1916
1916
1918
1918
1919
1921
1921
1921
1922
1923
1925
1926
1926
1927
1927
1927
1928
1929
1929
1930
1932
1932
1933
1933
1934
1934
1935
1938
1939
1939
1940
1941
1942
1943
1944
1948
1948
1948
1948
1949
1950
1951
1951
1952
1952
1952
1955
1956
1956
1958
1959
1959
1961
1961
1961
1962
1962
1962
1962
1963
1965
1966
1967
1968
1968
1971
1972
1974
1974
1978
1979
1980
1980
1980
1981
1981
1982
1983
1985
1987
1988
1989
1989
1989
1990
1990
1990
1992
1992
1992
1992
1993
1993
1994
1994
1996
2000
2001
2003
2004
2004
2008
2008
2009
2009
2012
2012
2013
2014
2016
2016
2017
2018
2020
2023
2023
2023
2024
2024
2025
2026
2026
2026
2027
2030
2031
2033
2033
2033
2033
2034
2034
2034
2035
2035
2035
2035
2036
2036
2037
2040
2042
2043
2043
2043
2045
2045
2046
2047
2047
2049
2049
2050
2050
2051
2052
2052
2053
2054
2054
2054
2055
2056
2058
2058
2059
2060
2060
2063
2063
2064
2064
2064
2064
2064
2068
2069
2069
2070
2073
2075
2076
2076
2078
2078
2079
2081
2081
2085
2085
2087
2088
2088
2088
2088
2088
2088
2089
2089
2089
2092
2094
2095
2096
2097
2098
2098
2099
2099
2100
2103
2103
2105
2106
2107
2108
2110
2111
2112
2112
2113
2115
2116
2116
2119
2121
2122
2122
2127
2128
2131
2132
2133
2134
2136
2137
2138
2140
2141
2142
2143
2143
2144
2148
2149
2149
2150
2151
2151
2151
2156
2159
2159
2159
2163
2164
2164
2165
2166
2166
2168
2168
2171
2172
2172
2174
2174
2176
2178
2180
2181
2181
2182
2182
2183
2184
2184
2185
2186
2187
2187
2192
2193
2193
2194
2195
2195
2196
2197
2198
2199
2199
2199
2201
2203
2204
2204
2205
2205
2207
2209
2210
2210
2211
2213
2213
2217
2217
2217
2219
2221
2221
2221
2222
2223
2224
2225
2225
2227
2227
2228
2228
2228
2228
2229
2233
2234
2234
2235
2238
2239
2240
2240
2241
2242
2243
2244
2245
2245
2247
2248
2249
2251
2251
2253
2255
2255
2256
2257
2257
2258
2258
2261
2262
2262
2264
2265
2265
2267
2267
2268
2268
2268
2269
2270
2270
2270
2271
2272
2273
2273
2274
2275
2275
2275
2275
2276
2276
2276
2276
2277
2277
2277
2277
2278
2280
2280
2281
2281
2282
2283
2283
2284
2285
2287
2287
2290
2291
2292
2292
2292
2292
2293
2294
2294
2295
2295
2297
2299
2299
2300
2300
2303
2304
2306
2306
2308
2310
2310
2312
2313
2313
2314
2314
2315
2315
2317
2319
2319
2320
2320
2321
2321
2322
2322
2323
2323
2323
2324
2324
2326
2327
2328
2329
2330
2331
2332
2332
2333
2334
2334
2335
2336
2336
2338
2338
2339
2339
2339
2340
2340
2340
2343
2346
2347
2347
2348
2349
2349
2351
2351
2353
2353
2354
2355
2357
2358
2358
2359
2360
2362
2362
2364
2368
2368
2370
2371
2372
2373
2374
2374
2374
2375
2375
2376
2377
2377
2379
2379
2380
2381
2382
2383
2383
2383
2384
2388
2388
2388
2388
2389
2389
2390
2391
2391
2393
2394
2395
2399
2399
2399
2400
2402
2402
2403
2404
2404
2407
2408
2409
2409
2409
2410
2410
2410
2412
2413
2413
2414
2414
2416
2417
2418
2422
2423
2423
2425
2425
2426
2428
2429
2429
2430
2431
2431
2431
2432
2432
2434
2435
2436
2437
2437
2439
2439
2440
2440
2441
2441
2442
2443
2445
2446
2447
2448
2448
2448
2451
2454
2456
2456
2457
2460
2463
2465
2465
2468
2469
2470
2470
2471
2471
2471
2475
2478
2479
2479
2481
2482
2483
2484
2485
2485
2486
2487
2488
2492
2493
2495
2495
2496
2497
2502
2503
2503
2504
2504
2505
2506
2506
2507
2507
2515
2515
2518
2519
2520
2521
2521
2522
2523
2526
2527
2527
2528
2531
2532
2533
2533
2534
2534
2535
2536
2537
2538
2540
2541
2541
2541
2542
2543
2545
2546
2546
2546
2546
2546
2547
2547
2547
2547
2549
2550
2550
2551
2552
2555
2556
2558
2559
2561
2562
2563
2563
2565
2566
2567
2568
2568
2568
2569
2570
2571
2571
2571
2572
2573
2574
2576
2576
2577
2577
2578
2579
2581
2581
2583
2584
2585
2586
2587
2587
2588
2590
2590
2590
2594
2595
2596
2597
2597
2598
2598
2599
2600
2600
2600
2604
2605
2605
2605
2608
2608
2609
2611
2613
2614
2614
2615
2616
2617
2618
2619
2620
2621
2621
2622
2623
2623
2625
2628
2629
2631
2632
2633
2633
2633
2633
2634
2635
2636
2638
2638
2639
2639
2639
2639
2640
2640
2642
2642
2643
2643
2644
2644
2645
2645
2647
2648
2650
2651
2651
2651
2651
2652
2652
2653
2655
2655
2656
2657
2657
2660
2660
2660
2661
2662
2663
2663
2663
2664
2667
2668
2669
2672
2672
2673
2676
2677
2678
2680
2682
2683
2683
2683
2683
2684
2685
2686
2687
2687
2688
2689
2689
2690
2690
2692
2692
2692
2692
2692
2693
2695
2695
2696
2696
2696
2697
2697
2698
2698
2698
2700
2700
2701
2701
2702
2702
2703
2704
2705
2707
2707
2708
2709
2710
2711
2712
2714
2714
2716
2716
2717
2717
2718
2718
2719
2720
2721
2722
2724
2724
2724
2725
2725
2729
2730
2732
2732
2734
2738
2739
2739
2741
2743
2743
2744
2746
2750
2751
2753
2754
2755
2757
2758
2759
2761
2761
2761
2762
2762
2762
2763
2763
2764
2764
2765
2768
2769
2771
2771
2772
2773
2773
2773
2773
2776
2777
2778
2781
2781
2785
2785
2785
2785
2786
2787
2787
2788
2790
2791
2791
2792
2797
2799
2800
2802
2806
2806
2806
2810
2810
2811
2811
2812
2812
2812
2813
2815
2816
2817
2818
2819
2819
2821
2821
2822
2822
2823
2824
2825
2825
2825
2827
2828
2829
2832
2833
2833
2835
2835
2837
2838
2838
2839
2841
2841
2841
2844
2846
2846
2848
2850
2853
2853
2855
2856
2856
2856
2857
2857
2858
2859
2860
2861
2863
2863
2864
2864
2868
2868
2869
2871
2871
2873
2874
2874
2875
2876
2877
2883
2883
2884
2885
2885
2886
2886
2889
2892
2894
2894
2894
2894
2895
2896
2897
2902
2903
2909
2909
2909
2911
2911
2911
2915
2915
2915
2916
2916
2917
2917
2918
2920
2925
2925
2926
2926
2928
2928
2929
2929
2930
2933
2934
2934
2935
2937
2938
2938
2939
2942
2942
2943
2943
2945
2945
2945
2946
2946
2947
2949
2949
2949
2950
2954
2955
2956
2956
2957
2957
2957
2958
2958
2959
2962
2962
2963
2964
2964
2965
2966
2967
2971
2972
2972
2972
2972
2972
2972
2973
2973
2974
2974
2974
2974
2975
2976
2978
2979
2982
2982
2984
2984
2984
2984
2984
2985
2986
2987
2988
2992
2993
2993
2993
2996
2996
2998
2998
2999
3001
3002
3003
3004
3004
3005
3007
3009
3010
3010
3011
3012
3015
3017
3020
3020
3021
3021
3022
3022
3026
3026
3027
3027
3028
3028
3028
3029
3033
3034
3034
3035
3036
3036
3036
3038
3038
3039
3040
3040
3040
3041
3041
3041
3045
3047
3047
3047
3048
3050
3053
3053
3056
3057
3057
3057
3061
3061
3061
3063
3063
3064
3064
3065
3069
3070
3070
3072
3075
3076
3078
3078
3078
3082
3083
3083
3085
3086
3087
3087
3088
3092
3092
3092
3093
3093
3095
3096
3096
3096
3097
3098
3099
3100
3103
3105
3105
3105
3105
3106
3107
3107
3108
3108
3109
3110
3111
3111
3111
3111
3111
3112
3112
3113
3113
3113
3114
3114
3116
3117
3118
3119
3119
3120
3120
3120
3121
3121
3123
3123
3123
3124
3126
3126
3127
3128
3130
3130
3130
3132
3132
3132
3132
3134
3134
3136
3137
3138
3138
3139
3140
3141
3144
3146
3146
3147
3149
3150
3150
3150
3151
3152
3154
3154
3155
3157
3160
3160
3160
3160
3161
3161
3165
3165
3166
3167
3167
3167
3167
3168
3170
3170
3170
3171
3171
3172
3174
3176
3178
3178
3179
3179
3179
3180
3181
3181
3182
3183
3183
3183
3184
3186
3187
3187
3188
3189
3190
3192
3192
3193
3194
3196
3199
3199
3201
3201
3202
3202
3203
3203
3203
3204
3206
3207
3208
3208
3210
3211
3213
3215
3215
3216
3216
3217
3217
3218
3218
3220
3220
3221
3221
3223
3223
3224
3225
3226
3226
3229
3232
3232
3233
3233
3233
3234
3235
3237
3238
3239
3239
3239
3241
3241
3242
3242
3243
3243
3244
3244
3247
3248
3249
3252
3253
3253
3253
3253
3254
3254
3258
3259
3259
3260
3260
3260
3261
3264
3266
3271
3275
3275
3275
3279
3280
3280
3281
3285
3285
3290
3290
3291
3293
3294
3294
3299
3299
3302
3305
3306
3306
3307
3309
3310
3310
3312
3315
3315
3316
3317
3318
3319
3320
3321
3321
3321
3322
3323
3325
3327
3327
3328
3328
3329
3329
3329
3329
3330
3330
3333
3334
3335
3337
3338
3339
3339
3340
3341
3341
3343
3344
3344
3345
3346
3347
3348
3348
3349
3350
3351
3352
3355
3357
3357
3357
3360
3360
3360
3364
3364
3369
3369
3371
3373
3373
3374
3374
3375
3376
3376
3376
3377
3378
3378
3378
3379
3379
3379
3380
3381
3383
3384
3384
3385
3388
3391
3393
3393
3395
3396
3396
3397
3398
3398
3398
3399
3400
3400
3401
3402
3402
3403
3403
3404
3404
3405
3406
3406
3407
3410
3410
3411
3413
3416
3416
3417
3419
3422
3423
3425
3425
3426
3427
3427
3427
3428
3429
3429
3430
3430
3431
3431
3432
3432
3433
3435
3436
3437
3437
3438
3438
3439
3442
3443
3444
3444
3444
3444
3445
3446
3446
3447
3448
3448
3449
3449
3450
3450
3451
3452
3453
3454
3454
3455
3457
3457
3457
3458
3459
3460
3460
3461
3462
3462
3462
3463
3465
3465
3466
3468
3469
3470
3472
3472
3473
3473
3475
3475
3476
3476
3477
3477
3477
3479
3480
3484
3485
3485
3486
3488
3488
3489
3489
3490
3490
3491
3493
3494
3499
3500
3501
3505
3505
3506
3507
3507
3507
3507
3508
3509
3510
3512
3512
3513
3514
3515
3517
3518
3519
3520
3520
3521
3522
3525
3525
3526
3528
3529
3530
3532
3534
3534
3534
3535
3535
3536
3538
3538
3538
3539
3540
3540
3541
3541
3543
3543
3543
3544
3544
3547
3548
3548
3549
3550
3550
3551
3552
3552
3553
3553
3556
3556
3560
3564
3565
3565
3565
3566
3566
3566
3566
3568
3570
3571
3572
3573
3573
3577
3577
3578
3579
3581
3582
3582
3583
3583
3583
3586
3586
3586
3587
3588
3589
3589
3589
3590
3592
3592
3595
3596
3597
3597
3597
3598
3599
3599
3599
3600
3600
3600
3600
3601
3602
3604
3604
3605
3605
3605
3607
3609
3614
3614
3614
3615
3615
3616
3616
3616
3617
3618
3618
3618
3619
3619
3622
3622
3622
3623
3623
3625
3626
3626
3628
3628
3628
3629
3629
3632
3632
3633
3633
3633
3634
3635
3635
3636
3638
3638
3639
3639
3640
3640
3641
3641
3642
3642
3643
3643
3643
3645
3645
3649
3651
3652
3654
3655
3657
3657
3657
3659
3660
3661
3661
3663
3664
3664
3666
3667
3668
3668
3669
3672
3675
3675
3676
3677
3678
3678
3681
3681
3682
3683
3683
3683
3684
3684
3685
3686
3687
3688
3688
3689
3690
3692
3692
3693
3694
3695
3697
3697
3698
3700
3700
3701
3701
3701
3701
3702
3703
3703
3704
3705
3706
3707
3707
3707
3708
3708
3709
3710
3710
3710
3711
3711
3712
3713
3714
3714
3717
3717
3719
3720
3720
3722
3723
3724
3724
3725
3725
3726
3726
3727
3727
3727
3727
3729
3729
3729
3730
3731
3731
3731
3732
3732
3733
3735
3737
3738
3740
3740
3740
3740
3741
3741
3742
3743
3743
3744
3745
3745
3746
3746
3747
3748
3753
3754
3756
3756
3757
3758
3758
3759
3760
3760
3760
3761
3761
3762
3763
3764
3765
3765
3765
3765
3770
3771
3772
3776
3777
3780
3781
3781
3781
3781
3782
3783
3783
3784
3784
3785
3785
3790
3791
3793
3793
3794
3795
3795
3795
3797
3797
3798
3798
3798
3800
3801
3801
3801
3802
3803
3804
3805
3806
3806
3808
3808
3810
3810
3811
3811
3812
3813
3813
3814
3815
3816
3816
3820
3821
3823
3824
3825
3826
3828
3829
3831
3832
3832
3834
3837
3837
3840
3841
3842
3843
3843
3844
3845
3846
3847
3848
3849
3850
3850
3854
3855
3856
3857
3858
3858
3859
3860
3863
3865
3868
3869
3870
3870
3870
3871
3871
3872
3872
3872
3873
3876
3876
3878
3879
3881
3882
3884
3884
3886
3886
3888
3889
3889
3889
3890
3891
3891
3893
3893
3894
3896
3898
3898
3899
3899
3899
3900
3902
3904
3904
3904
3905
3906
3906
3906
3907
3908
3909
3909
3909
3909
3910
3910
3910
3912
3913
3913
3914
3914
3914
3915
3916
3916
3917
3917
3920
3920
3921
3924
3924
3924
3924
3925
3925
3926
3926
3929
3930
3933
3934
3935
3935
3935
3942
3944
3945
3945
3945
3946
3946
3946
3947
3947
3948
3949
3951
3952
3953
3955
3956
3956
3957
3960
3961
3962
3963
3963
3964
3966
3966
3969
3970
3970
3974
3974
3974
3975
3976
3976
3976
3976
3977
3977
3977
3977
3979
3981
3982
3982
3982
3983
3983
3984
3984
3985
3986
3986
3989
3989
3989
3991
3991
3992
3992
3998
3998
3999
4000
4001
4004
4005
4008
4008
4008
4009
4010
4010
4011
4012
4012
4013
4013
4014
4015
4015
4016
4017
4019
4021
4025
4025
4025
4026
4028
4028
4028
4029
4032
4032
4034
4035
4036
4037
4037
4038
4038
4038
4040
4040
4041
4041
4042
4042
4042
4043
4046
4048
4050
4051
4051
4052
4053
4054
4054
4055
4056
4056
4057
4058
4059
4060
4061
4063
4064
4066
4067
4068
4069
4069
4070
4071
4072
4072
4072
4073
4073
4074
4074
4074
4076
4077
4078
4078
4079
4081
4081
4083
4083
4084
4085
4085
4086
4090
4091
4091
4092
4093
4097
4098
4099
4099
4099
4100
4101
4102
4102
4102
4102
4103
4105
4107
4109
4109
4111
4113
4113
4114
4116
4116
4117
4117
4118
4118
4119
4119
4121
4125
4127
4127
4128
4130
4131
4131
4132
4132
4133
4134
4135
4136
4137
4137
4138
4138
4139
4139
4142
4142
4143
4145
4146
4149
4150
4152
4154
4155
4155
4156
4158
4158
4159
4160
4161
4161
4161
4161
4165
4165
4166
4166
4167
4167
4168
4168
4168
4168
4168
4169
4170
4170
4170
4173
4177
4178
4180
4180
4181
4182
4182
4182
4183
4185
4186
4187
4188
4190
4190
4191
4191
4192
4192
4193
4196
4196
4198
4198
4198
4198
4199
4201
4201
4201
4203
4203
4204
4204
4204
4206
4209
4209
4209
4210
4213
4213
4213
4213
4215
4217
4218
4220
4222
4225
4225
4230
4230
4232
4234
4234
4234
4237
4239
4240
4242
4242
4243
4244
4246
4247
4247
4247
4248
4249
4252
4254
4255
4255
4259
4261
4262
4262
4264
4265
4266
4266
4268
4268
4269
4269
4269
4271
4273
4273
4274
4274
4274
4275
4276
4277
4278
4280
4285
4286
4288
4289
4289
4290
4291
4291
4292
4292
4294
4294
4294
4295
4295
4295
4296
4297
4298
4298
4299
4299
4300
4300
4300
4307
4308
4308
4309
4310
4310
4310
4311
4312
4315
4317
4319
4320
4320
4321
4321
4321
4321
4322
4322
4324
4324
4325
4326
4329
4333
4334
4334
4334
4334
4335
4335
4336
4336
4337
4339
4339
4339
4339
4339
4340
4344
4344
4344
4345
4345
4345
4346
4346
4347
4348
4348
4348
4348
4349
4351
4352
4354
4354
4354
4355
4356
4356
4356
4357
4358
4360
4362
4362
4363
4365
4365
4366
4367
4367
4370
4373
4373
4373
4374
4376
4377
4379
4379
4383
4383
4384
4384
4385
4385
4386
4386
4387
4389
4390
4392
4394
4395
4395
4397
4397
4398
4398
4400
4401
4402
4404
4404
4404
4407
4408
4408
4409
4409
4409
4410
4410
4412
4413
4415
4416
4416
4416
4416
4416
4417
4417
4417
4418
4421
4422
4425
4425
4428
4430
4431
4431
4432
4432
4434
4435
4437
4438
4439
4440
4442
4443
4443
4444
4447
4450
4452
4452
4452
4453
4454
4455
4455
4457
4457
4459
4462
4463
4464
4466
4466
4469
4472
4475
4475
4475
4476
4478
4478
4478
4479
4480
4481
4481
4483
4485
4488
4489
4491
4491
4494
4494
4494
4497
4498
4498
4500
4501
4501
4503
4504
4504
4508
4508
4508
4510
4510
4512
4512
4512
4514
4514
4516
4517
4519
4522
4522
4522
4523
4523
4525
4526
4529
4529
4530
4534
4534
4534
4536
4538
4539
4539
4540
4541
4541
4542
4545
4548
4548
4549
4550
4552
4552
4552
4553
4553
4554
4554
4555
4557
4557
4557
4558
4561
4561
4562
4562
4564
4565
4567
4572
4572
4572
4573
4575
4575
4578
4579
4580
4581
4581
4583
4583
4584
4585
4585
4586
4587
4592
4593
4595
4596
4598
4600
4601
4603
4604
4604
4604
4606
4606
4610
4610
4610
4611
4611
4612
4614
4616
4616
4617
4623
4623
4624
4624
4625
4625
4625
4626
4627
4627
4628
4629
4630
4631
4631
4631
4634
4635
4635
4637
4637
4637
4637
4638
4639
4639
4642
4645
4647
4649
4649
4650
4650
4650
4651
4652
4652
4653
4654
4657
4658
4660
4661
4663
4664
4666
4667
4667
4670
4671
4671
4671
4671
4673
4673
4676
4678
4680
4680
4681
4682
4682
4683
4684
4685
4688
4688
4688
4690
4691
4693
4693
4693
4694
4696
4696
4696
4697
4698
4701
4701
4702
4705
4709
4710
4711
4712
4714
4716
4716
4718
4718
4719
4720
4721
4721
4722
4723
4724
4725
4725
4727
4727
4728
4729
4730
4734
4736
4737
4737
4738
4738
4739
4740
4740
4741
4742
4746
4748
4748
4749
4749
4750
4750
4752
4753
4753
4754
4757
4762
4763
4763
4764
4767
4768
4769
4774
4776
4776
4776
4777
4778
4778
4779
4779
4779
4781
4782
4782
4783
4783
4783
4783
4784
4785
4786
4787
4787
4790
4790
4792
4793
4793
4793
4795
4795
4795
4797
4797
4798
4799
4802
4803
4807
4808
4810
4811
4812
4813
4813
4815
4816
4816
4817
4817
4819
4821
4821
4822
4823
4823
4826
4826
4826
4827
4827
4827
4829
4829
4831
4832
4834
4834
4835
4837
4839
4839
4840
4841
4842
4842
4844
4845
4845
4847
4847
4849
4850
4852
4854
4854
4857
4859
4860
4862
4862
4863
4864
4864
4865
4865
4866
4867
4869
4869
4872
4872
4873
4875
4875
4876
4876
4876
4877
4878
4878
4880
4882
4882
4883
4883
4885
4886
4887
4887
4888
4888
4889
4889
4889
4893
4894
4895
4895
4896
4896
4897
4898
4898
4900
4901
4902
4906
4906
4907
4907
4907
4908
4908
4909
4911
4912
4913
4913
4914
4915
4915
4917
4917
4918
4920
4923
4923
4926
4927
4927
4929
4931
4932
4933
4933
4935
4938
4940
4940
4941
4942
4942
4943
4943
4943
4944
4944
4944
4944
4945
4945
4946
4947
4949
4949
4949
4950
4950
4950
4952
4955
4955
4955
4955
4956
4956
4957
4958
4959
4962
4963
4963
4964
4965
4967
4967
4971
4971
4973
4973
4974
4975
4977
4978
4978
4980
4981
4983
4987
4987
4988
4989
4989
4990
4992
4992
4994
4995
4996
4996
4996
4996
4996
4996
5001
5002
5005
5005
5006
5006
5006
5008
5008
5009
5009
5009
5011
5012
5013
5013
5014
5014
5014
5015
5017
5018
5019
5021
5022
5023
5023
5024
5025
5026
5026
5028
5029
5031
5032
5033
5035
5036
5038
5038
5038
5040
5041
5042
5043
5045
5046
5047
5047
5047
5047
5048
5048
5049
5052
5054
5058
5061
5061
5062
5063
5063
5064
5065
5066
5066
5066
5068
5068
5069
5070
5071
5071
5073
5073
5073
5076
5076
5078
5079
5079
5079
5080
5081
5082
5084
5085
5087
5093
5094
5095
5095
5098
5099
5099
5099
5100
5101
5105
5105
5106
5106
5106
5107
5108
5108
5108
5108
5110
5111
5111
5112
5112
5112
5112
5113
5113
5114
5114
5115
5115
5115
5118
5118
5120
5120
5121
5121
5122
5123
5124
5125
5126
5127
5127
5128
5128
5130
5130
5130
5130
5130
5133
5133
5136
5137
5137
5140
5140
5141
5143
5144
5144
5146
5146
5148
5150
5152
5153
5154
5155
5155
5155
5156
5156
5156
5156
5157
5160
5160
5160
5162
5162
5163
5166
5167
5170
5170
5173
5176
5176
5178
5183
5184
5185
5185
5187
5188
5189
5190
5191
5191
5191
5192
5194
5194
5194
5195
5195
5195
5196
5197
5197
5198
5201
5201
5201
5204
5204
5206
5207
5208
5209
5209
5210
5212
5215
5216
5216
5217
5218
5219
5219
5219
5220
5220
5220
5221
5221
5221
5222
5223
5224
5228
5229
5230
5230
5232
5235
5236
5237
5239
5241
5242
5244
5244
5245
5245
5245
5246
5246
5247
5248
5250
5250
5251
5252
5255
5255
5256
5258
5259
5259
5261
5262
5262
5262
5267
5269
5270
5271
5271
5271
5271
5273
5275
5276
5277
5280
5281
5282
5282
5282
5283
5286
5287
5287
5287
5288
5288
5288
5289
5290
5290
5291
5292
5293
5294
5296
5297
5298
5299
5301
5304
5305
5305
5305
5306
5307
5307
5308
5310
5311
5313
5315
5316
5317
5317
5318
5320
5322
5324
5325
5327
5327
5327
5327
5328
5328
5329
5329
5330
5330
5331
5331
5331
5331
5332
5333
5334
5335
5337
5337
5339
5340
5341
5343
5344
5345
5345
5346
5347
5347
5347
5350
5351
5352
5353
5353
5355
5355
5355
5355
5357
5358
5359
5363
5364
5366
5367
5367
5368
5369
5369
5369
5371
5373
5374
5374
5376
5377
5378
5379
5380
5381
5382
5382
5383
5384
5385
5385
5386
5386
5387
5389
5390
5392
5392
5393
5394
5394
5396
5397
5398
5400
5404
5406
5407
5407
5407
5407
5408
5411
5411
5412
5413
5414
5414
5415
5415
5416
5416
5418
5418
5419
5419
5421
5422
5423
5424
5424
5426
5426
5427
5429
5429
5430
5432
5432
5433
5434
5437
5439
5441
5442
5443
5445
5448
5449
5451
5452
5455
5455
5456
5457
5458
5458
5459
5460
5461
5461
5463
5466
5466
5467
5467
5467
5468
5468
5468
5470
5472
5472
5474
5476
5476
5477
5478
5479
5479
5480
5483
5485
5486
5487
5487
5488
5489
5490
5490
5491
5491
5491
5493
5494
5495
5496
5496
5498
5499
5499
5502
5503
5505
5505
5507
5507
5507
5509
5509
5509
5510
5511
5512
5514
5516
5517
5517
5517
5517
5518
5520
5520
5521
5521
5522
5522
5524
5525
5526
5526
5527
5527
5527
5528
5528
5529
5529
5529
5529
5534
5534
5537
5538
5540
5543
5543
5543
5544
5546
5547
5548
5549
5549
5551
5551
5552
5553
5553
5554
5555
5556
5557
5557
5558
5558
5559
5559
5561
5561
5562
5564
5565
5566
5568
5569
5570
5570
5572
5572
5574
5575
5578
5578
5579
5579
5580
5581
5582
5583
5583
5584
5584
5587
5587
5588
5588
5588
5590
5590
5591
5591
5591
5592
5593
5594
5595
5595
5596
5597
5598
5598
5600
5602
5602
5604
5604
5610
5611
5611
5613
5613
5613
5615
5616
5617
5619
5620
5621
5625
5626
5627
5628
5631
5632
5635
5636
5636
5637
5637
5639
5640
5640
5642
5643
5643
5644
5645
5646
5647
5648
5648
5649
5653
5653
5655
5655
5655
5657
5658
5658
5659
5660
5662
5663
5665
5665
5666
5666
5667
5669
5670
5672
5673
5674
5675
5675
5675
5677
5677
5678
5678
5679
5679
5681
5681
5682
5683
5683
5684
5686
5687
5688
5688
5691
5692
5693
5693
5693
5694
5694
5696
5697
5698
5699
5705
5707
5709
5709
5709
5709
5709
5713
5714
5714
5716
5716
5717
5719
5719
5720
5721
5724
5724
5725
5729
5731
5732
5733
5734
5735
5737
5742
5743
5744
5746
5748
5748
5749
5751
5751
5752
5752
5752
5755
5755
5756
5757
5757
5758
5759
5760
5761
5761
5761
5762
5763
5764
5764
5764
5765
5767
5769
5770
5770
5771
5772
5772
5772
5772
5773
5774
5775
5777
5779
5782
5782
5783
5785
5786
5787
5788
5789
5792
5792
5793
5794
5795
5795
5795
5795
5796
5796
5797
5797
5798
5798
5803
5803
5804
5805
5807
5808
5808
5812
5813
5814
5814
5815
5816
5821
5821
5823
5824
5824
5824
5825
5828
5830
5832
5833
5833
5833
5834
5834
5834
5836
5837
5839
5840
5841
5842
5843
5845
5846
5846
5847
5849
5852
5853
5854
5855
5856
5856
5856
5857
5857
5858
5861
5864
5865
5865
5866
5866
5868
5868
5869
5869
5870
5871
5873
5874
5875
5877
5879
5884
5886
5887
5887
5889
5891
5891
5892
5892
5893
5894
5895
5896
5896
5897
5898
5898
5899
5899
5902
5904
5904
5905
5906
5907
5908
5910
5911
5911
5911
5911
5912
5913
5913
5914
5918
5919
5920
5920
5924
5924
5925
5927
5929
5930
5930
5931
5934
5935
5935
5936
5936
5936
5937
5939
5942
5942
5942
5943
5944
5944
5947
5947
5949
5949
5950
5952
5954
5954
5955
5955
5955
5956
5958
5959
5961
5962
5963
5964
5968
5971
5971
5972
5973
5974
5974
5978
5980
5980
5983
5986
5987
5993
5993
5995
5995
5996
5996
5998
6002
6005
6006
6006
6007
6008
6010
6012
6012
6012
6014
6016
6016
6018
6020
6020
6023
6023
6027
6028
6028
6029
6030
6031
6032
6033
6033
6038
6040
6041
6041
6042
6042
6042
6044
6044
6044
6045
6046
6047
6049
6050
6050
6054
6055
6055
6055
6057
6057
6059
6060
6062
6062
6062
6064
6068
6069
6070
6070
6071
6071
6071
6073
6073
6074
6074
6078
6078
6079
6079
6079
6081
6083
6085
6085
6086
6086
6088
6091
6093
6093
6095
6095
6096
6097
6099
6099
6099
6100
6101
6101
6101
6101
6102
6103
6104
6105
6108
6108
6109
6109
6109
6109
6112
6112
6114
6116
6117
6120
6120
6121
6121
6122
6123
6123
6124
6127
6128
6130
6132
6134
6137
6137
6137
6137
6137
6137
6138
6138
6138
6138
6139
6140
6140
6140
6140
6141
6142
6146
6147
6148
6150
6150
6152
6152
6152
6154
6157
6157
6157
6158
6158
6159
6160
6160
6161
6161
6162
6162
6162
6163
6164
6164
6164
6165
6165
6165
6166
6169
6170
6170
6170
6171
6173
6174
6175
6178
6178
6179
6179
6181
6183
6184
6185
6187
6188
6188
6189
6190
6191
6191
6192
6192
6193
6193
6194
6195
6197
6199
6199
6200
6200
6201
6202
6204
6204
6204
6205
6206
6207
6208
6210
6210
6212
6213
6213
6214
6215
6216
6216
6216
6217
6218
6218
6220
6220
6221
6221
6222
6223
6226
6227
6228
6231
6232
6234
6235
6235
6235
6235
6237
6238
6239
6240
6240
6240
6242
6242
6243
6243
6250
6251
6251
6252
6252
6254
6254
6255
6255
6257
6257
6258
6258
6258
6258
6260
6261
6261
6262
6263
6264
6265
6265
6266
6268
6270
6270
6271
6272
6272
6272
6273
6277
6278
6278
6279
6279
6279
6281
6281
6281
6282
6282
6285
6289
6291
6292
6292
6293
6297
6297
6297
6299
6300
6301
6301
6302
6302
6304
6307
6309
6309
6311
6312
6312
6313
6314
6315
6316
6317
6320
6320
6320
6322
6323
6325
6327
6327
6328
6329
6329
6329
6329
6330
6331
6332
6332
6333
6334
6337
6337
6338
6340
6341
6341
6341
6341
6346
6349
6350
6351
6351
6353
6354
6358
6358
6358
6358
6360
6361
6361
6362
6364
6365
6365
6365
6366
6367
6367
6368
6370
6371
6371
6373
6375
6376
6377
6378
6378
6378
6379
6379
6379
6380
6380
6381
6381
6382
6382
6384
6385
6386
6387
6388
6389
6390
6390
6391
6391
6393
6395
6395
6396
6396
6399
6399
6399
6399
6405
6406
6407
6407
6408
6409
6410
6411
6412
6412
6413
6415
6415
6418
6420
6421
6421
6423
6423
6424
6424
6426
6426
6426
6427
6428
6428
6429
6430
6432
6435
6436
6439
6439
6439
6441
6441
6441
6444
6444
6446
6448
6449
6450
6451
6452
6453
6453
6456
6457
6459
6460
6460
6464
6466
6467
6467
6468
6469
6474
6475
6476
6476
6479
6480
6482
6486
6486
6486
6487
6487
6488
6490
6490
6491
6491
6491
6492
6497
6497
6502
6507
6512
6512
6513
6514
6514
6515
6516
6517
6517
6523
6524
6525
6525
6528
6529
6532
6532
6534
6535
6537
6538
6538
6538
6539
6540
6541
6541
6542
6542
6543
6544
6544
6547
6547
6548
6550
6550
6550
6551
6551
6551
6552
6552
6552
6554
6554
6556
6556
6556
6557
6557
6557
6558
6559
6560
6561
6562
6563
6564
6564
6564
6566
6567
6568
6569
6569
6569
6571
6572
6572
6572
6573
6573
6573
6574
6575
6576
6576
6577
6578
6578
6580
6580
6582
6583
6584
6584
6587
6588
6589
6591
6591
6591
6593
6593
6594
6594
6594
6594
6597
6600
6602
6604
6606
6607
6608
6608
6609
6611
6612
6612
6613
6613
6613
6614
6616
6618
6620
6620
6620
6621
6621
6621
6622
6624
6625
6627
6627
6628
6628
6630
6634
6634
6637
6638
6638
6639
6639
6639
6640
6641
6642
6644
6645
6645
6645
6647
6647
6648
6649
6649
6652
6654
6655
6655
6655
6655
6656
6656
6657
6657
6658
6659
6659
6659
6660
6662
6663
6664
6668
6668
6670
6671
6672
6673
6676
6676
6677
6679
6680
6681
6682
6685
6686
6686
6688
6688
6688
6691
6692
6692
6696
6700
6700
6702
6702
6703
6706
6707
6709
6710
6710
6711
6712
6713
6713
6715
6717
6717
6718
6718
6720
6720
6720
6721
6724
6725
6727
6727
6731
6732
6732
6733
6734
6734
6734
6735
6736
6738
6738
6740
6740
6742
6742
6744
6745
6745
6746
6746
6746
6747
6748
6749
6749
6749
6751
6757
6757
6757
6759
6760
6761
6761
6763
6766
6767
6768
6769
6769
6769
6771
6775
6776
6778
6778
6779
6780
6780
6781
6781
6781
6783
6783
6784
6784
6784
6787
6789
6789
6790
6792
6792
6793
6795
6795
6796
6797
6797
6798
6798
6799
6800
6806
6808
6809
6811
6811
6813
6816
6817
6819
6820
6821
6822
6823
6823
6823
6824
6824
6825
6827
6830
6831
6832
6832
6832
6834
6837
6840
6841
6843
6843
6846
6846
6846
6846
6846
6846
6847
6849
6849
6849
6850
6853
6855
6855
6856
6858
6861
6862
6865
6866
6866
6868
6868
6869
6871
6871
6872
6872
6873
6874
6875
6876
6877
6879
6881
6881
6881
6883
6884
6884
6886
6887
6888
6888
6890
6890
6890
6891
6894
6894
6894
6894
6895
6897
6898
6898
6898
6901
6901
6905
6905
6905
6906
6907
6908
6908
6909
6910
6912
6912
6912
6913
6913
6913
6914
6914
6914
6915
6915
6916
6916
6917
6917
6917
6918
6919
6921
6922
6922
6922
6923
6924
6926
6927
6927
6927
6928
6930
6930
6930
6931
6931
6932
6935
6936
6939
6939
6940
6940
6942
6943
6943
6944
6944
6944
6949
6950
6951
6952
6955
6955
6955
6955
6956
6956
6957
6958
6958
6962
6962
6965
6966
6967
6970
6972
6972
6973
6973
6973
6974
6974
6976
6979
6979
6980
6982
6982
6984
6984
6985
6985
6985
6986
6988
6988
6990
6992
6993
6994
6995
6996
6997
6998
6998
6998
6999
6999
6999
7002
7003
7003
7004
7004
7005
7006
7006
7007
7007
7008
7010
7011
7011
7011
7012
7014
7015
7016
7016
7017
7017
7018
7021
7022
7024
7025
7025
7026
7026
7026
7029
7029
7030
7031
7034
7035
7035
7035
7036
7036
7036
7036
7036
7037
7039
7040
7042
7042
7043
7044
7045
7045
7045
7048
7048
7049
7050
7050
7050
7053
7054
7055
7056
7057
7058
7063
7064
7065
7068
7069
7070
7071
7073
7073
7074
7075
7076
7078
7080
7081
7081
7081
7082
7083
7083
7084
7084
7088
7088
7089
7089
7090
7092
7093
7097
7100
7100
7101
7103
7104
7104
7105
7107
7108
7108
7109
7109
7111
7113
7113
7115
7117
7118
7119
7120
7120
7120
7120
7121
7121
7122
7123
7126
7127
7129
7130
7131
7131
7131
7132
7133
7133
7135
7135
7135
7136
7136
7137
7139
7140
7142
7142
7143
7143
7144
7145
7145
7146
7147
7150
7153
7157
7158
7159
7159
7160
7162
7162
7164
7164
7165
7168
7168
7170
7174
7174
7174
7179
7180
7180
7180
7182
7183
7183
7184
7185
7186
7187
7187
7189
7191
7193
7193
7194
7195
7195
7195
7197
7197
7197
7202
7205
7207
7208
7209
7209
7209
7211
7211
7211
7215
7217
7219
7220
7221
7222
7222
7223
7224
7226
7226
7227
7227
7227
7228
7228
7229
7229
7231
7231
7233
7234
7234
7234
7236
7236
7239
7240
7240
7245
7245
7245
7247
7247
7248
7248
7249
7249
7249
7251
7252
7252
7255
7256
7257
7257
7257
7257
7258
7259
7261
7262
7263
7263
7264
7265
7265
7266
7267
7267
7273
7273
7276
7281
7282
7282
7282
7285
7290
7291
7291
7292
7292
7293
7296
7297
7298
7298
7298
7300
7300
7301
7302
7302
7303
7303
7306
7309
7309
7311
7312
7312
7316
7317
7317
7318
7319
7321
7323
7323
7325
7326
7327
7327
7329
7330
7331
7331
7333
7333
7333
7333
7336
7338
7338
7338
7339
7340
7340
7341
7343
7343
7343
7344
7347
7348
7352
7354
7354
7354
7356
7359
7360
7360
7360
7360
7365
7366
7370
7371
7372
7372
7373
7379
7379
7379
7380
7380
7381
7383
7384
7384
7387
7387
7387
7389
7389
7390
7391
7391
7391
7392
7392
7393
7395
7396
7397
7398
7398
7399
7402
7402
7403
7404
7406
7408
7409
7409
7409
7409
7410
7410
7413
7414
7416
7419
7419
7419
7425
7426
7427
7427
7428
7428
7428
7429
7430
7430
7431
7432
7432
7435
7436
7436
7437
7439
7440
7440
7441
7442
7445
7445
7445
7446
7447
7448
7452
7454
7454
7454
7455
7456
7456
7456
7457
7459
7459
7461
7461
7462
7463
7465
7465
7465
7465
7466
7467
7467
7469
7470
7472
7473
7474
7475
7475
7476
7476
7476
7477
7481
7481
7482
7483
7484
7484
7485
7488
7489
7489
7490
7491
7493
7496
7498
7498
7498
7499
7499
7500
7501
7501
7502
7503
7504
7504
7504
7506
7506
7507
7508
7508
7508
7510
7512
7513
7514
7514
7517
7517
7517
7517
7518
7519
7521
7521
7521
7521
7525
7525
7526
7526
7527
7528
7528
7528
7529
7531
7532
7532
7534
7534
7534
7535
7537
7538
7538
7538
7538
7539
7539
7540
7542
7545
7549
7551
7552
7554
7555
7555
7556
7557
7557
7558
7559
7559
7559
7560
7562
7563
7565
7565
7567
7569
7570
7570
7571
7572
7572
7573
7575
7576
7576
7577
7579
7579
7579
7580
7582
7583
7583
7586
7587
7587
7588
7589
7589
7589
7593
7593
7593
7593
7594
7594
7595
7596
7596
7598
7598
7601
7601
7601
7602
7603
7603
7603
7604
7605
7605
7606
7607
7608
7609
7610
7612
7612
7613
7613
7615
7615
7615
7615
7616
7616
7619
7622
7623
7623
7624
7625
7625
7626
7626
7626
7627
7629
7631
7632
7634
7636
7637
7638
7638
7641
7641
7643
7643
7644
7647
7649
7650
7650
7652
7652
7652
7652
7653
7653
7654
7655
7655
7657
7660
7660
7661
7662
7664
7666
7668
7668
7668
7669
7670
7673
7674
7674
7675
7676
7679
7681
7682
7682
7682
7682
7682
7683
7683
7683
7684
7684
7684
7685
7685
7688
7688
7689
7691
7692
7693
7693
7694
7695
7695
7696
7698
7699
7701
7701
7702
7703
7706
7708
7709
7711
7712
7715
7715
7718
7718
7719
7719
7720
7721
7722
7723
7724
7724
7724
7725
7725
7726
7729
7730
7731
7734
7734
7738
7739
7739
7740
7741
7741
7741
7742
7747
7749
7750
7752
7752
7753
7755
7755
7755
7756
7759
7760
7760
7761
7763
7764
7767
7767
7767
7768
7768
7769
7769
7770
7771
7771
7772
7772
7772
7772
7773
7775
7775
7776
7777
7780
7781
7782
7784
7785
7786
7786
7786
7787
7788
7789
7791
7791
7792
7794
7795
7795
7795
7796
7797
7798
7798
7799
7800
7800
7801
7801
7803
7804
7805
7806
7807
7807
7808
7809
7810
7812
7814
7814
7815
7817
7817
7817
7817
7818
7818
7819
7819
7820
7821
7823
7823
7823
7823
7826
7826
7827
7828
7829
7830
7833
7835
7836
7837
7841
7842
7844
7845
7845
7850
7856
7856
7856
7858
7859
7860
7860
7861
7862
7863
7863
7863
7866
7868
7868
7868
7869
7869
7870
7870
7871
7872
7872
7872
7873
7874
7876
7876
7878
7878
7879
7880
7880
7881
7881
7882
7882
7885
7886
7887
7888
7889
7889
7890
7892
7894
7895
7899
7899
7900
7901
7901
7902
7902
7904
7906
7907
7907
7908
7908
7910
7915
7915
7917
7919
7920
7921
7921
7924
7925
7925
7926
7928
7929
7929
7932
7932
7933
7934
7935
7937
7937
7941
7942
7945
7947
7947
7948
7949
7951
7954
7954
7956
7956
7957
7959
7961
7961
7964
7970
7971
7971
7972
7972
7973
7974
7974
7974
7977
7979
7980
7980
7980
7980
7980
7981
7981
7983
7987
7989
7989
7990
7991
7991
7992
7993
7994
7995
7995
7995
7996
8001
8003
8003
8004
8004
8005
8007
8009
8009
8010
8010
8011
8012
8012
8013
8013
8015
8015
8016
8016
8017
8017
8017
8017
8022
8023
8024
8024
8027
8027
8027
8027
8027
8031
8032
8033
8033
8034
8035
8036
8036
8036
8037
8037
8038
8039
8039
8040
8040
8041
8042
8042
8042
8042
8045
8045
8047
8048
8048
8048
8048
8048
8050
8051
8051
8051
8052
8053
8054
8055
8058
8059
8059
8060
8062
8063
8063
8064
8065
8065
8067
8067
8067
8070
8072
8072
8074
8077
8080
8080
8081
8082
8085
8090
8091
8091
8094
8094
8094
8094
8095
8097
8097
8098
8099
8100
8101
8103
8103
8104
8104
8104
8105
8105
8106
8106
8111
8111
8112
8112
8114
8114
8115
8116
8116
8116
8118
8118
8120
8123
8123
8123
8124
8125
8128
8129
8129
8130
8133
8133
8135
8135
8137
8138
8138
8139
8139
8143
8143
8146
8146
8147
8148
8150
8151
8151
8152
8153
8153
8153
8154
8155
8156
8156
8157
8160
8161
8161
8163
8163
8165
8167
8168
8169
8170
8171
8172
8174
8174
8174
8175
8177
8178
8179
8180
8180
8181
8182
8183
8184
8184
8184
8186
8186
8187
8187
8189
8191
8191
8191
8194
8194
8196
8198
8199
8201
8204
8207
8207
8208
8208
8208
8210
8211
8211
8213
8213
8213
8214
8215
8215
8216
8216
8217
8217
8220
8221
8221
8223
8223
8224
8224
8224
8225
8225
8226
8230
8230
8230
8230
8230
8231
8232
8233
8237
8240
8241
8242
8245
8246
8246
8247
8247
8249
8250
8252
8252
8253
8257
8258
8259
8259
8261
8262
8262
8262
8262
8264
8264
8264
8264
8265
8267
8267
8269
8269
8270
8270
8271
8271
8271
8272
8273
8274
8277
8277
8277
8277
8279
8281
8283
8284
8284
8284
8284
8284
8285
8285
8286
8286
8287
8287
8288
8291
8292
8293
8293
8295
8296
8296
8296
8299
8299
8299
8301
8302
8302
8304
8305
8305
8306
8308
8308
8312
8312
8316
8317
8318
8319
8319
8319
8320
8321
8321
8322
8322
8324
8324
8326
8327
8330
8334
8335
8337
8337
8337
8338
8339
8340
8340
8341
8341
8343
8344
8345
8346
8348
8349
8349
8350
8352
8352
8353
8354
8354
8355
8355
8356
8358
8358
8359
8361
8361
8362
8362
8363
8365
8365
8366
8368
8369
8371
8371
8372
8372
8373
8375
8375
8378
8380
8381
8382
8383
8384
8384
8385
8387
8388
8389
8389
8390
8391
8392
8394
8396
8396
8396
8400
8400
8403
8403
8404
8404
8405
8407
8407
8409
8409
8411
8412
8413
8413
8414
8415
8416
8417
8417
8419
8419
8420
8421
8421
8421
8421
8422
8423
8423
8424
8424
8427
8428
8429
8430
8430
8431
8432
8432
8432
8434
8434
8435
8438
8438
8441
8441
8441
8443
8443
8445
8447
8449
8450
8454
8457
8458
8458
8459
8460
8462
8462
8463
8463
8464
8465
8466
8468
8470
8470
8470
8471
8472
8474
8474
8475
8475
8476
8477
8477
8478
8478
8478
8479
8479
8481
8481
8485
8486
8487
8487
8489
8491
8491
8494
8498
8499
8499
8500
8500
8503
8505
8505
8507
8508
8508
8509
8509
8510
8510
8512
8513
8514
8514
8521
8525
8528
8532
8533
8535
8539
8539
8540
8540
8541
8542
8543
8545
8549
8550
8551
8552
8554
8555
8555
8556
8558
8559
8559
8560
8562
8563
8564
8564
8565
8565
8565
8565
8566
8567
8567
8567
8568
8569
8569
8570
8574
8574
8574
8576
8577
8578
8582
8582
8583
8583
8584
8585
8586
8587
8588
8588
8588
8588
8589
8589
8591
8591
8592
8593
8593
8594
8594
8595
8596
8596
8596
8596
8597
8598
8599
8601
8603
8604
8605
8605
8605
8606
8607
8612
8612
8613
8614
8615
8615
8616
8617
8617
8618
8618
8618
8620
8620
8620
8621
8623
8624
8624
8625
8628
8628
8629
8630
8632
8632
8633
8633
8633
8634
8635
8636
8639
8639
8639
8641
8641
8643
8643
8644
8646
8646
8647
8649
8650
8650
8651
8652
8653
8654
8654
8656
8657
8659
8660
8661
8661
8663
8664
8665
8666
8666
8668
8669
8672
8674
8675
8679
8682
8682
8683
8684
8684
8684
8686
8686
8686
8687
8688
8688
8689
8690
8692
8692
8692
8693
8695
8696
8697
8698
8699
8699
8700
8700
8701
8701
8702
8705
8705
8706
8709
8709
8710
8712
8713
8715
8716
8717
8717
8718
8719
8720
8720
8721
8721
8721
8721
8721
8722
8722
8722
8723
8724
8724
8725
8726
8727
8728
8728
8732
8734
8735
8737
8738
8738
8738
8739
8739
8741
8741
8743
8744
8744
8745
8746
8747
8747
8747
8748
8748
8750
8751
8752
8753
8753
8754
8754
8754
8755
8756
8760
8761
8761
8764
8765
8765
8766
8766
8766
8769
8770
8770
8771
8772
8772
8772
8772
8772
8772
8775
8776
8776
8776
8777
8778
8781
8781
8783
8784
8784
8785
8785
8785
8786
8787
8790
8791
8791
8792
8792
8793
8794
8797
8800
8801
8803
8803
8804
8804
8805
8807
8807
8808
8808
8809
8810
8812
8814
8815
8815
8816
8816
8817
8817
8818
8820
8820
8820
8822
8823
8826
8827
8827
8828
8829
8831
8831
8831
8832
8833
8834
8834
8837
8838
8839
8839
8840
8841
8841
8842
8843
8844
8845
8846
8848
8848
8848
8849
8849
8850
8852
8852
8853
8853
8854
8854
8854
8855
8858
8858
8859
8863
8864
8866
8867
8868
8868
8871
8871
8872
8872
8873
8875
8876
8877
8878
8879
8880
8883
8884
8886
8886
8886
8887
8887
8888
8889
8890
8891
8891
8893
8893
8895
8895
8897
8897
8897
8898
8900
8900
8900
8900
8900
8903
8903
8904
8904
8907
8909
8909
8909
8910
8910
8910
8911
8912
8913
8913
8914
8915
8917
8918
8918
8918
8918
8921
8924
8925
8925
8926
8926
8928
8931
8931
8932
8932
8932
8932
8932
8933
8933
8933
8934
8934
8935
8935
8936
8936
8937
8938
8938
8939
8942
8943
8943
8945
8945
8946
8952
8952
8955
8955
8955
8957
8957
8958
8959
8959
8959
8959
8960
8962
8964
8964
8966
8966
8966
8967
8968
8970
8970
8970
8971
8972
8973
8976
8978
8979
8979
8981
8981
8982
8982
8982
8982
8985
8985
8988
8989
8990
8990
8991
8991
8991
8992
8993
8993
8994
8994
8994
8995
8996
8997
8998
8998
8998
9000
9002
9002
9004
9005
9005
9005
9009
9010
9010
9011
9012
9013
9013
9013
9014
9014
9015
9015
9017
9017
9017
9018
9018
9018
9019
9021
9021
9021
9022
9022
9022
9023
9024
9024
9025
9026
9027
9030
9030
9034
9035
9037
9037
9038
9039
9041
9042
9042
9043
9046
9049
9049
9052
9052
9053
9057
9058
9060
9060
9062
9063
9064
9065
9067
9068
9068
9068
9069
9069
9071
9071
9072
9072
9074
9074
9076
9076
9078
9078
9080
9083
9083
9084
9084
9088
9088
9090
9090
9092
9092
9093
9093
9095
9095
9097
9098
9098
9099
9099
9100
9101
9102
9103
9103
9105
9106
9106
9107
9107
9109
9111
9115
9116
9118
9118
9118
9119
9119
9120
9120
9121
9121
9121
9121
9123
9124
9125
9128
9131
9133
9133
9135
9136
9137
9138
9138
9138
9138
9139
9140
9140
9141
9142
9143
9143
9144
9148
9148
9148
9149
9152
9153
9156
9156
9157
9158
9158
9159
9163
9164
9167
9167
9168
9168
9168
9168
9168
9168
9168
9169
9169
9170
9171
9172
9173
9174
9174
9175
9179
9179
9179
9180
9180
9182
9184
9185
9185
9185
9186
9189
9190
9190
9191
9191
9193
9195
9195
9197
9198
9200
9200
9203
9205
9207
9207
9210
9210
9212
9213
9213
9216
9218
9218
9218
9220
9221
9221
9224
9224
9224
9225
9225
9226
9228
9228
9229
9230
9230
9232
9233
9234
9235
9238
9238
9238
9238
9239
9240
9240
9241
9242
9243
9244
9244
9245
9245
9246
9246
9247
9249
9249
9250
9250
9250
9251
9252
9252
9253
9253
9254
9255
9256
9259
9260
9262
9263
9264
9266
9266
9267
9267
9268
9269
9271
9272
9272
9272
9274
9274
9276
9278
9281
9283
9283
9286
9286
9286
9287
9288
9289
9290
9292
9292
9292
9294
9295
9295
9298
9298
9299
9299
9299
9300
9300
9301
9302
9305
9305
9307
9309
9309
9311
9311
9313
9315
9315
9316
9317
9317
9319
9320
9321
9321
9323
9323
9324
9325
9326
9327
9328
9330
9330
9331
9333
9334
9339
9341
9342
9344
9346
9346
9346
9346
9350
9353
9353
9353
9356
9357
9358
9359
9359
9359
9360
9360
9363
9363
9363
9363
9363
9366
9368
9369
9370
9373
9374
9374
9374
9375
9375
9376
9378
9379
9381
9381
9381
9382
9383
9384
9386
9388
9388
9389
9389
9390
9390
9391
9391
9391
9391
9393
9394
9394
9395
9396
9396
9398
9399
9399
9400
9400
9401
9402
9403
9403
9403
9405
9405
9406
9408
9410
9412
9412
9413
9413
9414
9416
9416
9417
9417
9419
9420
9420
9421
9422
9423
9423
9423
9425
9425
9425
9426
9427
9427
9428
9428
9429
9430
9430
9431
9434
9436
9437
9438
9438
9439
9440
9444
9450
9451
9451
9451
9452
9452
9453
9454
9456
9456
9457
9457
9458
9458
9460
9461
9461
9461
9462
9463
9463
9466
9467
9468
9469
9469
9470
9470
9470
9471
9472
9472
9472
9472
9475
9478
9479
9480
9480
9480
9482
9482
9483
9484
9485
9486
9487
9488
9489
9490
9490
9491
9493
9494
9494
9496
9496
9497
9498
9498
9499
9499
9499
9500
9500
9500
9503
9503
9503
9504
9504
9504
9505
9506
9507
9508
9509
9510
9512
9513
9516
9519
9520
9520
9522
9522
9523
9523
9524
9525
9525
9525
9527
9529
9529
9531
9532
9532
9532
9534
9535
9535
9537
9539
9539
9539
9540
9542
9542
9542
9543
9545
9545
9545
9545
9546
9548
9548
9548
9554
9554
9557
9557
9558
9559
9560
9561
9561
9562
9562
9564
9565
9565
9569
9570
9571
9572
9572
9575
9575
9580
9581
9583
9584
9584
9587
9588
9589
9589
9590
9591
9591
9593
9593
9595
9599
9602
9602
9603
9603
9603
9604
9605
9609
9610
9611
9612
9612
9612
9615
9615
9618
9618
9619
9619
9620
9620
9620
9621
9623
9623
9624
9625
9625
9626
9626
9628
9628
9628
9629
9630
9631
9632
9633
9638
9638
9638
9643
9645
9646
9647
9647
9647
9648
9649
9649
9650
9650
9650
9650
9651
9651
9652
9652
9653
9654
9655
9656
9658
9659
9660
9660
9664
9664
9664
9665
9666
9666
9667
9668
9668
9668
9669
9669
9670
9672
9672
9672
9673
9674
9676
9676
9676
9677
9677
9680
9680
9681
9682
9685
9687
9687
9687
9688
9690
9692
9692
9692
9694
9694
9696
9696
9697
9699
9699
9703
9703
9706
9707
9708
9709
9710
9710
9712
9714
9716
9719
9719
9720
9720
9721
9721
9721
9723
9723
9724
9726
9727
9729
9729
9730
9730
9731
9734
9734
9735
9735
9736
9737
9737
9737
9738
9738
9740
9743
9745
9749
9750
9750
9751
9752
9753
9753
9756
9758
9762
9763
9763
9763
9764
9765
9765
9766
9770
9771
9771
9772
9773
9773
9774
9775
9776
9776
9777
9777
9780
9782
9783
9783
9783
9784
9785
9785
9786
9788
9788
9788
9790
9794
9795
9795
9796
9796
9796
9798
9798
9798
9799
9799
9801
9801
9801
9802
9806
9807
9808
9808
9809
9810
9811
9813
9814
9815
9815
9816
9817
9818
9820
9823
9824
9824
9826
9826
9828
9828
9833
9833
9833
9833
9835
9837
9838
9839
9840
9840
9841
9842
9843
9845
9845
9848
9850
9851
9852
9854
9856
9856
9858
9859
9860
9860
9861
9863
9865
9865
9865
9869
9871
9876
9877
9877
9879
9882
9882
9883
9883
9885
9887
9888
9888
9888
9891
9892
9894
9895
9895
9895
9895
9895
9896
9896
9897
9898
9900
9900
9900
9903
9904
9906
9906
9907
9907
9908
9909
9910
9910
9911
9913
9915
9915
9915
9916
9917
9917
9917
9918
9920
9921
9922
9922
9922
9924
9924
9924
9925
9925
9928
9929
9930
9931
9935
9937
9937
9937
9938
9938
9939
9939
9940
9940
9941
9941
9941
9944
9945
9946
9948
9949
9949
9951
9953
9953
9953
9954
9956
9957
9957
9957
9958
9959
9961
9962
9964
9964
9966
9968
9968
9970
9971
9972
9972
9975
9975
9976
9977
9978
9978
9981
9983
9983
9986
9987
9988
9989
9990
9990
9991
9991
9995
9995
9996
9997
9997